Set parameter Username
Academic license - for non-commercial use only - expires 2022-06-18
Set parameter TimeLimit to value 3600
../data/instance_5000_25000.dat
solution_summary(model) = * Solver : Gurobi

* Status
  Termination status : OPTIMAL
  Primal status      : FEASIBLE_POINT
  Dual status        : NO_SOLUTION
  Message from the solver:
  "Model was solved to optimality (subject to tolerances), and an optimal solution is available."

* Candidate solution
  Objective value      : 3.51100e+03
  Objective bound      : 3.51100e+03
  Relative gap         : 0.00000e+00
  Dual objective value : 3.51100e+03

* Work counters
  Solve time (sec)   : 1.23241e+00
  Barrier iterations : 0
  Node count         : 1

Set parameter Username
Academic license - for non-commercial use only - expires 2022-06-18
Set parameter TimeLimit to value 3600
../data/instance_5000_25000.dat
solution_summary(model) = * Solver : Gurobi

* Status
  Termination status : OPTIMAL
  Primal status      : FEASIBLE_POINT
  Dual status        : NO_SOLUTION
  Message from the solver:
  "Model was solved to optimality (subject to tolerances), and an optimal solution is available."

* Candidate solution
  Objective value      : 3.51100e+03
  Objective bound      : 3.51100e+03
  Relative gap         : 0.00000e+00
  Dual objective value : 3.51100e+03

* Work counters
  Solve time (sec)   : 2.21010e+00
  Barrier iterations : 0
  Node count         : 1

Vertices: [86, 125, 196, 231, 240, 265, 313, 388, 467, 478, 514, 562, 569, 597, 640, 649, 678, 688, 711, 763, 805, 830, 899, 901, 940, 1035, 1045, 1125, 1173, 1256, 1291, 1322, 1330, 1404, 1453, 1456, 1483, 1493, 1605, 1799, 1825, 1890, 1934, 1950, 1963, 2015, 2016, 2054, 2125, 2171, 2240, 2260, 2313, 2355, 2369, 2377, 2452, 2558, 2567, 2609, 2632, 2673, 2713, 2733, 2817, 2843, 2857, 2970, 2983, 3013, 3030, 3075, 3085, 3117, 3160, 3254, 3284, 3287, 3301, 3332, 3430, 3503, 3605, 3609, 3647, 3712, 3782, 3786, 3798, 3815, 3816, 3848, 3904, 3905, 3917, 4076, 4096, 4152, 4223, 4228, 4243, 4245, 4330, 4358, 4366, 4448, 4506, 4626, 4671, 4681, 4695, 4764, 4805, 4808, 4865, 4886, 4909, 4948, 4956, 4975, 5010, 5122, 5167, 5183, 5199, 5235, 5337, 5367, 5382, 5495, 5549, 5623, 5629, 5879, 5884, 5915, 5982, 6041, 6056, 6152, 6154, 6177, 6215, 6220, 6342, 6386, 6464, 6525, 6559, 6638, 6665, 6671, 6725, 6742, 6785, 6831, 6943, 6962, 7042, 7045, 7137, 7191, 7296, 7342, 7354, 7355, 7436, 7449, 7453, 7462, 7485, 7513, 7525, 7547, 7597, 7656, 7677, 7732, 7745, 7793, 7828, 7832, 7921, 7932, 8000, 8021, 8031, 8041, 8102, 8129, 8198, 8209, 8241, 8293, 8325, 8358, 8415, 8512, 8558, 8569, 8615, 8618, 8692, 8694, 8727, 8731, 8747, 8794, 8815, 8846, 8904, 8917, 9014, 9028, 9036, 9079, 9227, 9359, 9367, 9381, 9481, 9568, 9585, 9616, 9645, 9662, 9756, 9794, 9806, 9829, 9834, 9839, 9874, 9901, 9916, 9933, 9946, 9958, 10015, 10030, 10036, 10037, 10048, 10085, 10158, 10176, 10182, 10239, 10247, 10297, 10414, 10626, 10638, 10668, 10674, 10761, 10781, 10786, 10809, 10849, 10852, 10933, 10970, 10990, 10995, 10999, 11057, 11120, 11145, 11164, 11251, 11328, 11361, 11396, 11427, 11436, 11466, 11507, 11595, 11617, 11667, 11672, 11744, 11747, 11759, 11824, 11854, 11897, 11917, 11994, 12037, 12046, 12073, 12079, 12130, 12140, 12141, 12150, 12203, 12260, 12301, 12308, 12332, 12523, 12537, 12618, 12639, 12643, 12649, 12670, 12784, 12854, 13013, 13040, 13058, 13108, 13128, 13258, 13291, 13377, 13427, 13435, 13459, 13514, 13515, 13547, 13606, 13615, 13678, 13694, 13723, 13753, 13843, 13847, 13938, 13971, 14019, 14096, 14100, 14120, 14134, 14153, 14180, 14224, 14321, 14371, 14475, 14615, 14632, 14657, 14678, 14695, 14696, 14720, 14740, 14774, 14788, 14795, 14824, 14915, 15034, 15036, 15078, 15168, 15243, 15264, 15319, 15384, 15407, 15409, 15438, 15460, 15559, 15598, 15666, 15714, 15726, 15752, 15772, 15791, 15807, 15871, 15885, 15928, 15932, 15992, 16001, 16024, 16105, 16135, 16159, 16166, 16190, 16270, 16313, 16351, 16368, 16382, 16419, 16491, 16510, 16609, 16618, 16627, 16629, 16654, 16676, 16762, 16769, 16795, 16808, 16938, 16990, 17184, 17207, 17213, 17280, 17295, 17397, 17409, 17464, 17748, 17931, 17983, 17985, 17997, 17998, 18005, 18008, 18030, 18067, 18087, 18108, 18112, 18162, 18183, 18188, 18210, 18249, 18283, 18289, 18387, 18452, 18473, 18510, 18518, 18524, 18526, 18546, 18638, 18671, 18705, 18804, 18849, 18856, 18905, 18926, 18929, 19053, 19103, 19186, 19289, 19309, 19343, 19393, 19420, 19423, 19454, 19489, 19525, 19544, 19573, 19584, 19615, 19617, 19669, 19721, 19723, 19760, 19806, 19843, 19861, 19927, 19950, 20066, 20077, 20126, 20255, 20307, 20320, 20399, 20404, 20417, 20429, 20488, 20508, 20550, 20598, 20604, 20675, 20690, 20739, 20760, 20776, 20799, 20834, 20856, 20860, 20906, 20957, 21088, 21099, 21144, 21163, 21193, 21266, 21308, 21336, 21386, 21390, 21398, 21458, 21524, 21563, 21576, 21579, 21596, 21600, 21629, 21645, 21691, 21707, 21738, 21749, 21777, 21778, 21827, 21831, 21877, 21887, 21894, 21925, 21975, 21993, 22026, 22046, 22091, 22167, 22206, 22232, 22320, 22350, 22354, 22383, 22398, 22469, 22656, 22671, 22738, 22834, 22856, 22860, 22875, 22915, 22917, 22983, 22997, 23006, 23012, 23062, 23077, 23161, 23168, 23169, 23186, 23228, 23229, 23244, 23286, 23320, 23377, 23399, 23406, 23440, 23454, 23552, 23612, 23663, 23692, 23751, 23757, 23781, 23828, 23839, 23842, 23844, 23857, 23969, 24065, 24083, 24185, 24362, 24436, 24448, 24514, 24523, 24552, 24652, 24670, 24724, 24828, 24859, 24900, 24913, 24944, 24979, 24991]
Edges: [5, 14, 28, 55, 67, 81, 82, 94, 108, 109, 112, 117, 122, 128, 140, 142, 158, 160, 162, 198, 209, 211, 221, 280, 287, 293, 306, 312, 313, 319, 320, 338, 339, 347, 353, 360, 375, 383, 384, 391, 393, 394, 398, 403, 407, 412, 419, 421, 424, 430, 473, 480, 483, 487, 497, 522, 527, 530, 532, 540, 557, 564, 567, 568, 583, 586, 596, 608, 609, 612, 613, 615, 618, 639, 657, 667, 678, 687, 697, 699, 700, 717, 721, 728, 736, 765, 767, 791, 800, 801, 811, 842, 854, 856, 876, 877, 879, 884, 910, 918, 954, 957, 980, 986, 992, 1014, 1038, 1041, 1045, 1065, 1083, 1100, 1103, 1112, 1124, 1156, 1174, 1176, 1195, 1199, 1204, 1229, 1233, 1267, 1274, 1275, 1296, 1309, 1322, 1324, 1344, 1373, 1380, 1399, 1408, 1451, 1457, 1482, 1489, 1506, 1521, 1573, 1576, 1607, 1613, 1620, 1622, 1628, 1641, 1659, 1662, 1671, 1692, 1696, 1721, 1731, 1752, 1769, 1781, 1805, 1806, 1811, 1815, 1836, 1842, 1845, 1848, 1877, 1882, 1897, 1910, 1923, 1926, 1972, 1975, 1983, 1986, 2004, 2005, 2006, 2012, 2016, 2017, 2024, 2027, 2032, 2049, 2050, 2055, 2075, 2081, 2089, 2091, 2116, 2119, 2122, 2125, 2127, 2145, 2164, 2166, 2169, 2191, 2199, 2202, 2204, 2234, 2237, 2244, 2273, 2280, 2285, 2301, 2305, 2306, 2310, 2327, 2342, 2349, 2355, 2364, 2376, 2383, 2384, 2393, 2396, 2417, 2425, 2439, 2449, 2466, 2471, 2476, 2487, 2490, 2498, 2508, 2529, 2534, 2545, 2547, 2550, 2552, 2554, 2559, 2562, 2575, 2579, 2586, 2613, 2628, 2630, 2636, 2640, 2671, 2707, 2719, 2721, 2729, 2752, 2753, 2761, 2767, 2783, 2813, 2819, 2827, 2873, 2903, 2912, 2919, 2923, 2952, 2957, 2965, 2969, 2972, 2986, 2987, 2988, 2992, 3001, 3008, 3009, 3020, 3023, 3028, 3032, 3037, 3038, 3046, 3059, 3061, 3063, 3080, 3083, 3084, 3085, 3090, 3100, 3107, 3109, 3123, 3135, 3137, 3160, 3166, 3184, 3188, 3201, 3202, 3238, 3242, 3255, 3261, 3295, 3302, 3304, 3305, 3306, 3318, 3352, 3362, 3371, 3383, 3390, 3397, 3418, 3419, 3424, 3433, 3436, 3440, 3443, 3454, 3456, 3468, 3475, 3491, 3507, 3508, 3511, 3532, 3561, 3566, 3568, 3577, 3581, 3601, 3608, 3614, 3617, 3639, 3643, 3652, 3654, 3655, 3674, 3675, 3676, 3682, 3691, 3693, 3696, 3768, 3774, 3777, 3783, 3803, 3811, 3820, 3823, 3858, 3860, 3870, 3876, 3877, 3878, 3884, 3889, 3895, 3901, 3910, 3924, 3938, 3949, 3971, 3974, 3976, 3982, 3992, 4009, 4033, 4057, 4066, 4069, 4071, 4074, 4095, 4098, 4100, 4109, 4111, 4121, 4129, 4131, 4140, 4141, 4161, 4183, 4228, 4234, 4236, 4274, 4285, 4287, 4301, 4338, 4349, 4360, 4377, 4381, 4464, 4471, 4484, 4507, 4509, 4512, 4524, 4545, 4562, 4573, 4589, 4599, 4602, 4613, 4618, 4620, 4632, 4645, 4648, 4650, 4668, 4685, 4704, 4750, 4770, 4784, 4788, 4799, 4816, 4825, 4844, 4848, 4854, 4858, 4871, 4875, 4901, 4902, 4909, 4917, 4918, 4942, 4943, 4944, 4961, 4970, 4978, 4980, 4995]

