Set parameter Username
Academic license - for non-commercial use only - expires 2022-06-18
Set parameter TimeLimit to value 3600
../data/instance_5000_250000.dat
solution_summary(model) = * Solver : Gurobi

* Status
  Termination status : OPTIMAL
  Primal status      : FEASIBLE_POINT
  Dual status        : NO_SOLUTION
  Message from the solver:
  "Model was solved to optimality (subject to tolerances), and an optimal solution is available."

* Candidate solution
  Objective value      : 1.26300e+03
  Objective bound      : 1.26300e+03
  Relative gap         : 0.00000e+00
  Dual objective value : 1.26300e+03

* Work counters
  Solve time (sec)   : 7.15385e+00
  Barrier iterations : 0
  Node count         : 1

Set parameter Username
Academic license - for non-commercial use only - expires 2022-06-18
Set parameter TimeLimit to value 3600
../data/instance_5000_250000.dat
solution_summary(model) = * Solver : Gurobi

* Status
  Termination status : OPTIMAL
  Primal status      : FEASIBLE_POINT
  Dual status        : NO_SOLUTION
  Message from the solver:
  "Model was solved to optimality (subject to tolerances), and an optimal solution is available."

* Candidate solution
  Objective value      : 1.26300e+03
  Objective bound      : 1.26300e+03
  Relative gap         : 0.00000e+00
  Dual objective value : 1.26300e+03

* Work counters
  Solve time (sec)   : 1.31219e+01
  Barrier iterations : 0
  Node count         : 1

Vertices: [1232, 1243, 2483, 2979, 3428, 3500, 4314, 5780, 5831, 6806, 8089, 10295, 10544, 11478, 11525, 12457, 14620, 15570, 15719, 16065, 16612, 17119, 17136, 17586, 17718, 18615, 18870, 21560, 21668, 25075, 25618, 25648, 28680, 29125, 30936, 31296, 31304, 31523, 32529, 32917, 34551, 35030, 35091, 36506, 36529, 36935, 37757, 37908, 37910, 38146, 41179, 43199, 43338, 43789, 43804, 45866, 48308, 51031, 53432, 53556, 54388, 54667, 54731, 55130, 55266, 55724, 56080, 56132, 56447, 56642, 60813, 62049, 64050, 64895, 67109, 67247, 68208, 68642, 68706, 69318, 69451, 71616, 72347, 72787, 73031, 74953, 75894, 76710, 77276, 79910, 80327, 81680, 82841, 84280, 84307, 84520, 85483, 85763, 86054, 87831, 91681, 92867, 93007, 93760, 94887, 96238, 96635, 96992, 97274, 97349, 97367, 99522, 99777, 100240, 101370, 101537, 103211, 103367, 103577, 105232, 108601, 108814, 110044, 110276, 111902, 112442, 112580, 113392, 114975, 116088, 116978, 117034, 118798, 120489, 120752, 121384, 121674, 121893, 125751, 126163, 126340, 126853, 127011, 127129, 130548, 130943, 130990, 131325, 131347, 132009, 132511, 132988, 133102, 133332, 135248, 136084, 137562, 137564, 138224, 138537, 140003, 142244, 142340, 142520, 143562, 144325, 145001, 145096, 148187, 149311, 150432, 151440, 153010, 155040, 155639, 157445, 157845, 157962, 159387, 159628, 161159, 161166, 162583, 164047, 164860, 165036, 165075, 166314, 166708, 166716, 167674, 169035, 169701, 171034, 172149, 172317, 172946, 173662, 173778, 175397, 179009, 179749, 180604, 182733, 183404, 183841, 184022, 185106, 186347, 186878, 187377, 190311, 190987, 191008, 191461, 191754, 191836, 192197, 193609, 195466, 196970, 197871, 200223, 200934, 202533, 203702, 205639, 207255, 207711, 207800, 208575, 210646, 210719, 211677, 216049, 216161, 216963, 217532, 217664, 217965, 221214, 221648, 221897, 225216, 226414, 226584, 226750, 226766, 227522, 228889, 231478, 232612, 232975, 233334, 233395, 233991, 235618, 239422, 239740, 240040, 240579, 240631, 241874, 242060, 242456, 243669, 243734, 244789, 245377, 246089, 246149, 246256, 249273, 249853]
Edges: [5, 15, 25, 48, 102, 153, 156, 175, 269, 307, 314, 317, 373, 389, 411, 477, 482, 625, 645, 689, 744, 747, 752, 795, 822, 906, 963, 970, 983, 1042, 1049, 1063, 1107, 1220, 1264, 1290, 1308, 1317, 1331, 1353, 1370, 1391, 1413, 1464, 1465, 1533, 1536, 1575, 1583, 1813, 1837, 1842, 1893, 1926, 1996, 2031, 2145, 2180, 2192, 2353, 2491, 2498, 2508, 2554, 2645, 2655, 2658, 2689, 2703, 2721, 2722, 2743, 2764, 2858, 2876, 2952, 3047, 3093, 3132, 3173, 3192, 3203, 3205, 3218, 3293, 3294, 3336, 3393, 3447, 3474, 3503, 3556, 3576, 3613, 3663, 3692, 3709, 3736, 3752, 3854, 3855, 3862, 3878, 4068, 4081, 4139, 4171, 4240, 4242, 4251, 4325, 4378, 4409, 4415, 4423, 4449, 4536, 4548, 4580, 4586, 4643, 4706, 4809, 4890]

