Set parameter Username
Academic license - for non-commercial use only - expires 2022-06-18
Set parameter TimeLimit to value 3600
../data/instance_1000_1500.dat
solution_summary(model) = * Solver : Gurobi

* Status
  Termination status : OPTIMAL
  Primal status      : FEASIBLE_POINT
  Dual status        : NO_SOLUTION
  Message from the solver:
  "Model was solved to optimality (subject to tolerances), and an optimal solution is available."

* Candidate solution
  Objective value      : 1.91100e+03
  Objective bound      : 1.91100e+03
  Relative gap         : 0.00000e+00
  Dual objective value : 1.91100e+03

* Work counters
  Solve time (sec)   : 6.00822e-02
  Barrier iterations : 0
  Node count         : 1

Set parameter Username
Academic license - for non-commercial use only - expires 2022-06-18
Set parameter TimeLimit to value 3600
../data/instance_1000_1500.dat
solution_summary(model) = * Solver : Gurobi

* Status
  Termination status : OPTIMAL
  Primal status      : FEASIBLE_POINT
  Dual status        : NO_SOLUTION
  Message from the solver:
  "Model was solved to optimality (subject to tolerances), and an optimal solution is available."

* Candidate solution
  Objective value      : 1.91100e+03
  Objective bound      : 1.91100e+03
  Relative gap         : 0.00000e+00
  Dual objective value : 1.91100e+03

* Work counters
  Solve time (sec)   : 1.38696e-01
  Barrier iterations : 0
  Node count         : 1

Vertices: [4, 8, 14, 16, 17, 19, 26, 36, 38, 43, 47, 48, 57, 64, 68, 73, 76, 78, 81, 87, 91, 98, 102, 103, 108, 114, 115, 137, 146, 151, 154, 155, 164, 165, 167, 180, 181, 183, 184, 195, 197, 208, 216, 227, 234, 242, 246, 248, 268, 274, 279, 291, 293, 315, 317, 326, 327, 342, 348, 363, 365, 368, 369, 379, 380, 382, 386, 387, 389, 396, 399, 402, 409, 410, 413, 419, 423, 427, 431, 433, 441, 443, 450, 459, 466, 468, 481, 484, 490, 500, 515, 519, 529, 534, 550, 555, 556, 559, 563, 567, 571, 580, 584, 591, 596, 597, 598, 603, 609, 617, 620, 626, 632, 634, 642, 648, 659, 669, 682, 683, 692, 693, 694, 698, 704, 706, 712, 724, 741, 748, 750, 758, 760, 761, 776, 787, 791, 794, 800, 803, 807, 817, 818, 819, 827, 832, 835, 838, 839, 848, 850, 858, 860, 865, 867, 875, 887, 891, 892, 895, 896, 897, 900, 902, 911, 915, 919, 920, 923, 929, 932, 939, 940, 941, 943, 955, 956, 959, 960, 971, 978, 986, 991, 1000, 1007, 1008, 1009, 1013, 1016, 1024, 1025, 1029, 1037, 1051, 1059, 1066, 1068, 1079, 1087, 1098, 1099, 1118, 1120, 1129, 1141, 1144, 1146, 1149, 1165, 1178, 1180, 1183, 1194, 1201, 1212, 1215, 1217, 1220, 1221, 1229, 1234, 1252, 1255, 1261, 1264, 1265, 1268, 1272, 1283, 1286, 1287, 1288, 1308, 1311, 1314, 1319, 1327, 1332, 1339, 1344, 1355, 1375, 1383, 1389, 1397, 1398, 1402, 1420, 1421, 1426, 1431, 1432, 1433, 1435, 1439, 1440, 1443, 1446, 1454, 1462, 1469, 1473, 1487, 1490, 1500]
Edges: [5, 8, 11, 33, 35, 36, 41, 44, 48, 50, 52, 55, 56, 79, 82, 86, 89, 91, 96, 97, 98, 100, 110, 113, 114, 115, 116, 120, 128, 131, 133, 136, 137, 141, 145, 150, 154, 157, 168, 176, 177, 186, 187, 191, 192, 194, 203, 206, 211, 217, 218, 220, 226, 232, 233, 235, 244, 251, 254, 260, 264, 270, 274, 275, 287, 290, 294, 296, 305, 308, 314, 315, 320, 323, 327, 329, 334, 335, 349, 351, 352, 360, 366, 368, 371, 372, 382, 392, 395, 400, 407, 410, 416, 423, 425, 431, 434, 438, 445, 448, 449, 462, 463, 464, 467, 468, 475, 479, 481, 482, 483, 492, 493, 496, 501, 503, 505, 507, 509, 510, 512, 519, 520, 524, 525, 530, 532, 536, 540, 543, 553, 560, 561, 563, 569, 570, 571, 576, 578, 588, 593, 596, 602, 604, 608, 610, 617, 618, 621, 622, 623, 628, 634, 636, 642, 645, 646, 647, 648, 649, 655, 671, 679, 683, 694, 701, 704, 712, 723, 727, 729, 733, 735, 738, 739, 741, 742, 746, 754, 759, 762, 765, 769, 771, 773, 774, 775, 776, 777, 783, 784, 789, 792, 795, 797, 813, 821, 829, 832, 844, 847, 852, 859, 870, 873, 875, 876, 877, 878, 880, 887, 888, 892, 900, 906, 911, 912, 917, 922, 927, 929, 936, 945, 947, 950, 953, 955, 956, 961, 963, 971, 974, 975, 977, 978, 979, 980, 981, 983, 984, 985, 987, 988, 989, 997, 999]

