Set parameter Username
Academic license - for non-commercial use only - expires 2022-06-18
Set parameter TimeLimit to value 3600
../data/instance_5000_7500.dat
solution_summary(model) = * Solver : Gurobi

* Status
  Termination status : OPTIMAL
  Primal status      : FEASIBLE_POINT
  Dual status        : NO_SOLUTION
  Message from the solver:
  "Model was solved to optimality (subject to tolerances), and an optimal solution is available."

* Candidate solution
  Objective value      : 1.05250e+04
  Objective bound      : 1.05250e+04
  Relative gap         : 0.00000e+00
  Dual objective value : 1.05250e+04

* Work counters
  Solve time (sec)   : 5.11882e-01
  Barrier iterations : 0
  Node count         : 1

Set parameter Username
Academic license - for non-commercial use only - expires 2022-06-18
Set parameter TimeLimit to value 3600
../data/instance_5000_7500.dat
solution_summary(model) = * Solver : Gurobi

* Status
  Termination status : OPTIMAL
  Primal status      : FEASIBLE_POINT
  Dual status        : NO_SOLUTION
  Message from the solver:
  "Model was solved to optimality (subject to tolerances), and an optimal solution is available."

* Candidate solution
  Objective value      : 1.05250e+04
  Objective bound      : 1.05250e+04
  Relative gap         : 0.00000e+00
  Dual objective value : 1.05250e+04

* Work counters
  Solve time (sec)   : 5.81532e-01
  Barrier iterations : 0
  Node count         : 1

Vertices: [5, 10, 13, 14, 16, 17, 19, 25, 27, 28, 31, 32, 34, 36, 40, 43, 47, 51, 56, 60, 63, 67, 74, 80, 89, 90, 92, 99, 101, 108, 109, 111, 118, 126, 131, 140, 141, 142, 143, 144, 148, 152, 153, 157, 164, 167, 168, 171, 178, 179, 187, 188, 192, 196, 200, 204, 213, 215, 218, 219, 220, 222, 224, 231, 233, 236, 239, 242, 243, 244, 246, 247, 257, 261, 263, 266, 267, 270, 276, 280, 281, 287, 288, 294, 297, 298, 300, 302, 311, 321, 327, 340, 343, 344, 346, 347, 354, 355, 363, 366, 370, 382, 390, 394, 395, 403, 404, 412, 416, 418, 436, 438, 445, 446, 453, 455, 456, 459, 460, 465, 469, 483, 485, 488, 495, 496, 501, 502, 504, 506, 511, 517, 523, 529, 537, 541, 555, 567, 568, 569, 570, 575, 586, 587, 592, 596, 598, 599, 602, 603, 610, 611, 616, 623, 624, 626, 628, 632, 633, 637, 642, 643, 646, 649, 652, 654, 655, 656, 658, 659, 665, 666, 671, 677, 687, 693, 698, 699, 700, 708, 711, 713, 716, 719, 721, 727, 733, 737, 740, 747, 748, 752, 778, 780, 782, 783, 787, 789, 795, 796, 801, 804, 809, 818, 821, 822, 826, 827, 834, 839, 842, 852, 854, 855, 857, 860, 861, 862, 867, 875, 878, 883, 884, 888, 895, 901, 908, 911, 916, 932, 939, 940, 941, 944, 955, 956, 967, 978, 981, 982, 984, 994, 1003, 1009, 1020, 1021, 1026, 1030, 1033, 1034, 1037, 1040, 1041, 1053, 1056, 1057, 1064, 1066, 1068, 1069, 1074, 1084, 1086, 1091, 1095, 1099, 1102, 1105, 1107, 1109, 1111, 1118, 1120, 1125, 1126, 1128, 1132, 1133, 1134, 1140, 1148, 1150, 1160, 1164, 1165, 1171, 1175, 1187, 1190, 1191, 1192, 1197, 1198, 1204, 1205, 1213, 1215, 1232, 1237, 1246, 1247, 1250, 1256, 1257, 1259, 1260, 1270, 1274, 1277, 1281, 1287, 1294, 1295, 1296, 1307, 1308, 1310, 1311, 1315, 1316, 1319, 1322, 1325, 1329, 1332, 1334, 1337, 1338, 1339, 1343, 1349, 1351, 1352, 1372, 1374, 1375, 1379, 1388, 1391, 1394, 1396, 1397, 1405, 1406, 1410, 1415, 1417, 1418, 1428, 1429, 1439, 1443, 1445, 1449, 1451, 1458, 1463, 1468, 1472, 1480, 1488, 1491, 1492, 1493, 1494, 1505, 1507, 1510, 1512, 1513, 1522, 1531, 1533, 1535, 1536, 1550, 1553, 1554, 1558, 1561, 1565, 1570, 1576, 1577, 1582, 1589, 1591, 1593, 1609, 1624, 1628, 1632, 1635, 1639, 1642, 1644, 1645, 1648, 1649, 1653, 1660, 1665, 1667, 1668, 1673, 1681, 1684, 1692, 1696, 1698, 1700, 1704, 1710, 1712, 1715, 1716, 1721, 1724, 1725, 1729, 1730, 1733, 1736, 1739, 1743, 1749, 1757, 1758, 1759, 1760, 1764, 1767, 1771, 1775, 1782, 1786, 1794, 1811, 1817, 1821, 1825, 1827, 1834, 1840, 1842, 1851, 1858, 1860, 1861, 1865, 1870, 1872, 1875, 1877, 1880, 1885, 1887, 1889, 1907, 1909, 1911, 1912, 1915, 1917, 1929, 1934, 1937, 1947, 1950, 1951, 1960, 1965, 1967, 1973, 1984, 1985, 1990, 1992, 1996, 1997, 2000, 2002, 2003, 2022, 2024, 2029, 2041, 2054, 2057, 2064, 2065, 2071, 2079, 2086, 2093, 2105, 2106, 2119, 2124, 2132, 2144, 2145, 2150, 2153, 2156, 2159, 2166, 2167, 2168, 2177, 2178, 2181, 2183, 2186, 2189, 2191, 2194, 2195, 2215, 2216, 2222, 2233, 2234, 2236, 2242, 2252, 2258, 2262, 2266, 2268, 2270, 2271, 2279, 2280, 2287, 2290, 2291, 2299, 2302, 2305, 2307, 2310, 2312, 2314, 2322, 2325, 2327, 2334, 2340, 2342, 2343, 2345, 2346, 2350, 2351, 2353, 2356, 2357, 2358, 2368, 2371, 2373, 2376, 2386, 2390, 2416, 2417, 2419, 2423, 2424, 2427, 2429, 2432, 2437, 2440, 2445, 2447, 2456, 2457, 2460, 2466, 2472, 2483, 2484, 2488, 2491, 2492, 2494, 2495, 2496, 2498, 2499, 2500, 2504, 2511, 2518, 2519, 2520, 2523, 2525, 2527, 2532, 2537, 2539, 2542, 2543, 2548, 2552, 2554, 2560, 2561, 2563, 2570, 2588, 2595, 2597, 2598, 2599, 2604, 2605, 2606, 2617, 2619, 2627, 2631, 2642, 2645, 2647, 2649, 2650, 2652, 2653, 2655, 2659, 2660, 2665, 2676, 2681, 2687, 2691, 2694, 2717, 2718, 2720, 2724, 2731, 2734, 2739, 2740, 2745, 2746, 2748, 2749, 2752, 2762, 2763, 2764, 2768, 2780, 2787, 2803, 2804, 2805, 2807, 2809, 2813, 2826, 2829, 2830, 2832, 2835, 2836, 2843, 2865, 2866, 2867, 2869, 2872, 2873, 2874, 2878, 2879, 2885, 2887, 2890, 2891, 2898, 2901, 2903, 2908, 2909, 2911, 2920, 2921, 2926, 2928, 2931, 2932, 2933, 2935, 2937, 2940, 2944, 2945, 2947, 2962, 2965, 2969, 2970, 2974, 2982, 2983, 2985, 2988, 2989, 2994, 3004, 3005, 3006, 3008, 3011, 3020, 3030, 3032, 3036, 3044, 3045, 3051, 3053, 3064, 3073, 3075, 3079, 3101, 3102, 3109, 3110, 3111, 3112, 3113, 3114, 3121, 3123, 3124, 3132, 3133, 3142, 3149, 3152, 3159, 3170, 3179, 3181, 3182, 3185, 3187, 3190, 3199, 3208, 3214, 3215, 3217, 3228, 3239, 3245, 3247, 3251, 3256, 3257, 3260, 3267, 3269, 3271, 3277, 3279, 3280, 3282, 3292, 3295, 3298, 3301, 3303, 3304, 3306, 3308, 3309, 3311, 3320, 3325, 3327, 3336, 3342, 3345, 3350, 3355, 3357, 3363, 3364, 3367, 3370, 3373, 3377, 3379, 3380, 3386, 3387, 3410, 3411, 3419, 3421, 3423, 3429, 3432, 3433, 3435, 3443, 3444, 3450, 3452, 3457, 3460, 3461, 3462, 3466, 3467, 3474, 3479, 3489, 3494, 3502, 3503, 3504, 3508, 3510, 3514, 3518, 3526, 3527, 3535, 3536, 3537, 3541, 3544, 3551, 3553, 3559, 3565, 3576, 3581, 3584, 3585, 3593, 3596, 3598, 3611, 3615, 3617, 3618, 3624, 3625, 3636, 3639, 3642, 3645, 3646, 3648, 3649, 3650, 3651, 3652, 3656, 3659, 3677, 3679, 3681, 3706, 3712, 3713, 3717, 3720, 3725, 3731, 3740, 3742, 3744, 3748, 3751, 3755, 3762, 3763, 3768, 3775, 3781, 3782, 3784, 3788, 3790, 3792, 3793, 3795, 3796, 3799, 3800, 3803, 3807, 3813, 3821, 3826, 3827, 3828, 3836, 3839, 3842, 3844, 3845, 3850, 3851, 3856, 3866, 3869, 3870, 3876, 3879, 3882, 3885, 3893, 3896, 3898, 3900, 3905, 3912, 3923, 3926, 3929, 3930, 3935, 3949, 3951, 3952, 3953, 3956, 3957, 3960, 3961, 3962, 3965, 3966, 3972, 3973, 3977, 3979, 3981, 3986, 3990, 4005, 4007, 4008, 4011, 4015, 4018, 4025, 4037, 4038, 4040, 4046, 4059, 4060, 4066, 4075, 4076, 4077, 4086, 4094, 4097, 4099, 4102, 4104, 4108, 4109, 4115, 4119, 4123, 4126, 4127, 4129, 4134, 4135, 4139, 4143, 4144, 4145, 4146, 4150, 4151, 4156, 4158, 4166, 4167, 4170, 4176, 4178, 4181, 4182, 4183, 4184, 4193, 4194, 4196, 4202, 4207, 4212, 4214, 4218, 4220, 4227, 4229, 4232, 4246, 4250, 4253, 4256, 4260, 4263, 4267, 4269, 4273, 4274, 4277, 4279, 4286, 4287, 4288, 4290, 4294, 4297, 4301, 4303, 4310, 4311, 4316, 4317, 4326, 4328, 4332, 4338, 4339, 4344, 4346, 4354, 4361, 4371, 4375, 4376, 4381, 4382, 4384, 4385, 4393, 4394, 4404, 4405, 4411, 4420, 4432, 4436, 4441, 4449, 4454, 4456, 4467, 4470, 4471, 4472, 4476, 4477, 4478, 4482, 4485, 4486, 4492, 4494, 4497, 4506, 4507, 4511, 4514, 4515, 4518, 4519, 4520, 4522, 4523, 4524, 4528, 4532, 4533, 4534, 4536, 4538, 4539, 4545, 4548, 4552, 4558, 4561, 4567, 4568, 4569, 4578, 4579, 4582, 4586, 4589, 4604, 4606, 4609, 4612, 4618, 4621, 4623, 4625, 4627, 4630, 4635, 4636, 4644, 4647, 4654, 4659, 4661, 4663, 4669, 4703, 4705, 4707, 4708, 4711, 4713, 4718, 4720, 4721, 4724, 4728, 4729, 4738, 4740, 4742, 4748, 4749, 4756, 4759, 4761, 4767, 4771, 4772, 4778, 4781, 4788, 4789, 4795, 4797, 4799, 4804, 4807, 4810, 4813, 4819, 4824, 4826, 4830, 4835, 4850, 4855, 4860, 4864, 4867, 4868, 4879, 4886, 4887, 4889, 4896, 4897, 4898, 4899, 4915, 4916, 4917, 4924, 4925, 4930, 4931, 4933, 4936, 4938, 4941, 4942, 4943, 4954, 4955, 4956, 4958, 4960, 4961, 4976, 4982, 4986, 4987, 4991, 4998, 5003, 5011, 5021, 5022, 5026, 5031, 5033, 5038, 5040, 5041, 5053, 5059, 5062, 5076, 5079, 5081, 5087, 5104, 5108, 5119, 5120, 5126, 5128, 5134, 5135, 5140, 5147, 5156, 5158, 5161, 5162, 5163, 5186, 5187, 5192, 5193, 5196, 5203, 5204, 5213, 5216, 5217, 5219, 5222, 5223, 5226, 5229, 5230, 5232, 5236, 5239, 5244, 5250, 5251, 5256, 5269, 5276, 5282, 5287, 5288, 5296, 5302, 5303, 5305, 5310, 5311, 5312, 5323, 5325, 5345, 5347, 5348, 5354, 5356, 5363, 5365, 5367, 5369, 5375, 5376, 5380, 5388, 5396, 5397, 5410, 5412, 5413, 5417, 5418, 5421, 5424, 5428, 5430, 5435, 5440, 5446, 5450, 5451, 5453, 5457, 5460, 5472, 5475, 5476, 5485, 5488, 5491, 5493, 5498, 5500, 5505, 5507, 5509, 5514, 5515, 5516, 5519, 5527, 5528, 5529, 5533, 5534, 5535, 5536, 5543, 5550, 5556, 5557, 5563, 5564, 5565, 5568, 5569, 5570, 5574, 5581, 5584, 5586, 5590, 5594, 5595, 5599, 5616, 5629, 5630, 5632, 5644, 5646, 5652, 5657, 5658, 5662, 5664, 5670, 5672, 5682, 5683, 5685, 5690, 5691, 5693, 5698, 5701, 5702, 5706, 5709, 5718, 5734, 5739, 5751, 5752, 5756, 5759, 5760, 5763, 5765, 5768, 5769, 5770, 5772, 5773, 5777, 5778, 5779, 5782, 5786, 5793, 5795, 5805, 5809, 5817, 5825, 5828, 5831, 5842, 5847, 5848, 5853, 5858, 5862, 5869, 5872, 5876, 5888, 5892, 5906, 5914, 5916, 5921, 5923, 5927, 5932, 5934, 5940, 5943, 5951, 5954, 5955, 5965, 5967, 5976, 5977, 5979, 5982, 5986, 5987, 6001, 6009, 6016, 6017, 6018, 6019, 6023, 6026, 6032, 6034, 6037, 6041, 6047, 6049, 6050, 6054, 6057, 6061, 6062, 6066, 6077, 6078, 6080, 6082, 6085, 6091, 6098, 6110, 6111, 6114, 6116, 6119, 6121, 6122, 6124, 6125, 6127, 6137, 6141, 6145, 6146, 6148, 6171, 6172, 6174, 6175, 6179, 6180, 6181, 6183, 6186, 6187, 6188, 6189, 6191, 6195, 6197, 6201, 6202, 6207, 6210, 6216, 6218, 6227, 6229, 6230, 6231, 6233, 6240, 6241, 6242, 6246, 6250, 6255, 6260, 6266, 6267, 6269, 6282, 6286, 6297, 6298, 6302, 6303, 6308, 6309, 6311, 6312, 6313, 6321, 6323, 6327, 6329, 6330, 6331, 6340, 6343, 6345, 6346, 6350, 6352, 6359, 6361, 6363, 6375, 6378, 6381, 6391, 6393, 6398, 6399, 6405, 6406, 6408, 6409, 6417, 6426, 6429, 6432, 6444, 6446, 6447, 6448, 6458, 6462, 6468, 6471, 6487, 6488, 6491, 6495, 6496, 6497, 6498, 6502, 6508, 6515, 6525, 6526, 6527, 6528, 6537, 6541, 6542, 6545, 6546, 6550, 6553, 6555, 6565, 6566, 6567, 6568, 6577, 6579, 6583, 6586, 6590, 6592, 6595, 6596, 6599, 6602, 6604, 6617, 6620, 6623, 6625, 6627, 6628, 6636, 6639, 6641, 6651, 6653, 6654, 6656, 6666, 6673, 6678, 6680, 6685, 6693, 6700, 6715, 6717, 6721, 6724, 6727, 6737, 6739, 6740, 6742, 6749, 6751, 6756, 6757, 6761, 6763, 6764, 6767, 6771, 6776, 6780, 6786, 6793, 6797, 6799, 6801, 6803, 6815, 6819, 6825, 6831, 6833, 6836, 6837, 6839, 6840, 6842, 6843, 6844, 6849, 6857, 6879, 6883, 6885, 6887, 6889, 6896, 6903, 6907, 6914, 6931, 6932, 6936, 6940, 6941, 6950, 6952, 6959, 6972, 6973, 6974, 6978, 6987, 6992, 6997, 7005, 7011, 7012, 7013, 7015, 7018, 7019, 7028, 7032, 7034, 7036, 7040, 7044, 7051, 7053, 7054, 7060, 7067, 7073, 7075, 7078, 7083, 7088, 7092, 7096, 7101, 7111, 7115, 7116, 7125, 7130, 7133, 7134, 7144, 7151, 7152, 7154, 7155, 7164, 7172, 7181, 7187, 7189, 7194, 7197, 7203, 7204, 7205, 7222, 7223, 7232, 7234, 7235, 7243, 7254, 7257, 7259, 7260, 7267, 7271, 7275, 7279, 7282, 7287, 7298, 7302, 7308, 7309, 7311, 7313, 7317, 7320, 7329, 7330, 7335, 7338, 7340, 7346, 7350, 7351, 7354, 7361, 7363, 7370, 7373, 7381, 7383, 7384, 7387, 7390, 7394, 7399, 7400, 7402, 7408, 7411, 7414, 7418, 7424, 7425, 7445, 7446, 7456, 7470, 7474, 7475, 7476, 7480, 7481, 7482, 7483, 7484, 7485, 7487, 7492, 7496, 7498]
Edges: [1, 3, 4, 8, 12, 17, 19, 24, 27, 31, 32, 33, 36, 37, 38, 39, 51, 64, 67, 70, 72, 75, 77, 78, 82, 83, 85, 86, 87, 97, 99, 101, 109, 111, 116, 122, 124, 125, 133, 138, 145, 154, 157, 158, 163, 167, 170, 172, 176, 177, 180, 185, 188, 190, 191, 192, 193, 196, 197, 201, 223, 229, 231, 234, 238, 239, 242, 244, 250, 251, 253, 257, 258, 262, 263, 268, 271, 279, 284, 286, 287, 288, 291, 293, 295, 299, 302, 306, 311, 312, 313, 314, 324, 328, 330, 332, 335, 337, 340, 348, 349, 356, 360, 363, 364, 367, 371, 372, 376, 380, 381, 392, 395, 397, 408, 410, 413, 417, 418, 423, 425, 427, 430, 432, 435, 436, 453, 454, 458, 459, 463, 464, 467, 469, 474, 476, 481, 483, 484, 486, 489, 493, 494, 496, 505, 508, 510, 512, 513, 516, 520, 526, 527, 529, 536, 540, 543, 544, 545, 546, 547, 548, 550, 552, 554, 557, 560, 561, 563, 564, 568, 572, 581, 582, 585, 588, 589, 592, 599, 605, 620, 627, 630, 631, 638, 642, 643, 646, 649, 653, 654, 659, 660, 663, 665, 666, 670, 676, 677, 681, 682, 687, 692, 695, 701, 703, 707, 708, 710, 713, 723, 726, 728, 730, 735, 738, 744, 745, 748, 752, 758, 760, 764, 768, 774, 776, 779, 785, 786, 791, 792, 793, 799, 802, 806, 809, 811, 812, 815, 819, 830, 835, 837, 838, 844, 856, 863, 864, 865, 869, 871, 877, 878, 879, 880, 882, 886, 888, 891, 895, 899, 903, 904, 906, 908, 912, 915, 916, 918, 919, 920, 922, 924, 926, 927, 930, 941, 942, 945, 947, 955, 957, 964, 968, 970, 978, 979, 984, 989, 992, 995, 1001, 1003, 1010, 1011, 1015, 1016, 1023, 1024, 1027, 1029, 1034, 1036, 1041, 1044, 1045, 1047, 1048, 1049, 1050, 1058, 1063, 1068, 1070, 1077, 1079, 1080, 1081, 1082, 1083, 1084, 1087, 1092, 1093, 1106, 1107, 1110, 1113, 1114, 1117, 1118, 1120, 1121, 1134, 1138, 1141, 1144, 1150, 1155, 1158, 1164, 1168, 1169, 1175, 1176, 1191, 1195, 1197, 1199, 1203, 1204, 1208, 1214, 1215, 1217, 1219, 1220, 1223, 1225, 1227, 1231, 1237, 1241, 1244, 1245, 1251, 1252, 1254, 1261, 1268, 1269, 1272, 1278, 1279, 1282, 1289, 1290, 1291, 1298, 1300, 1304, 1309, 1319, 1331, 1332, 1337, 1339, 1341, 1342, 1345, 1347, 1348, 1349, 1350, 1351, 1353, 1356, 1362, 1363, 1366, 1368, 1377, 1378, 1384, 1385, 1386, 1388, 1390, 1391, 1405, 1413, 1417, 1418, 1421, 1435, 1439, 1444, 1451, 1454, 1459, 1462, 1468, 1471, 1472, 1475, 1476, 1482, 1492, 1497, 1499, 1502, 1504, 1506, 1507, 1508, 1509, 1510, 1513, 1516, 1519, 1520, 1527, 1530, 1534, 1538, 1541, 1544, 1545, 1547, 1550, 1556, 1557, 1562, 1563, 1569, 1570, 1574, 1575, 1579, 1584, 1585, 1587, 1588, 1592, 1593, 1595, 1599, 1603, 1606, 1613, 1615, 1616, 1619, 1623, 1626, 1627, 1632, 1635, 1639, 1646, 1647, 1649, 1655, 1657, 1658, 1665, 1667, 1668, 1671, 1681, 1682, 1690, 1693, 1696, 1697, 1702, 1703, 1707, 1708, 1714, 1720, 1725, 1726, 1731, 1734, 1737, 1740, 1741, 1742, 1744, 1751, 1755, 1763, 1772, 1774, 1780, 1788, 1792, 1793, 1797, 1798, 1802, 1803, 1804, 1808, 1810, 1811, 1812, 1814, 1816, 1818, 1821, 1824, 1827, 1834, 1835, 1836, 1839, 1850, 1855, 1859, 1861, 1863, 1865, 1868, 1871, 1872, 1874, 1879, 1883, 1886, 1888, 1889, 1890, 1898, 1904, 1911, 1912, 1920, 1921, 1926, 1928, 1930, 1931, 1937, 1938, 1941, 1950, 1954, 1956, 1958, 1959, 1960, 1963, 1965, 1967, 1973, 1978, 1979, 1987, 1994, 1996, 1997, 1998, 2004, 2011, 2014, 2032, 2036, 2037, 2047, 2050, 2056, 2059, 2066, 2073, 2074, 2075, 2076, 2078, 2081, 2083, 2089, 2091, 2097, 2103, 2105, 2118, 2120, 2121, 2122, 2123, 2126, 2128, 2131, 2133, 2135, 2141, 2143, 2146, 2149, 2151, 2152, 2155, 2165, 2167, 2170, 2172, 2179, 2185, 2191, 2192, 2193, 2201, 2214, 2215, 2216, 2217, 2220, 2226, 2227, 2239, 2243, 2249, 2250, 2252, 2255, 2258, 2259, 2260, 2267, 2275, 2276, 2277, 2278, 2279, 2280, 2283, 2288, 2296, 2297, 2298, 2304, 2309, 2311, 2312, 2318, 2323, 2329, 2337, 2338, 2340, 2342, 2343, 2345, 2348, 2350, 2356, 2361, 2363, 2364, 2368, 2371, 2374, 2376, 2378, 2381, 2382, 2383, 2386, 2392, 2396, 2399, 2401, 2402, 2404, 2407, 2408, 2409, 2411, 2413, 2414, 2423, 2426, 2432, 2433, 2434, 2441, 2442, 2444, 2447, 2452, 2461, 2467, 2473, 2488, 2497, 2499, 2506, 2510, 2511, 2512, 2513, 2519, 2520, 2523, 2526, 2527, 2529, 2531, 2532, 2534, 2535, 2541, 2542, 2543, 2546, 2549, 2551, 2558, 2561, 2565, 2568, 2575, 2583, 2585, 2594, 2595, 2607, 2613, 2620, 2621, 2622, 2627, 2635, 2639, 2642, 2645, 2650, 2656, 2657, 2663, 2664, 2676, 2679, 2680, 2683, 2684, 2687, 2692, 2695, 2697, 2699, 2701, 2702, 2705, 2707, 2715, 2716, 2719, 2720, 2721, 2723, 2728, 2732, 2736, 2741, 2742, 2746, 2751, 2752, 2759, 2763, 2764, 2766, 2769, 2770, 2774, 2780, 2781, 2782, 2783, 2784, 2785, 2789, 2793, 2795, 2796, 2800, 2801, 2803, 2804, 2808, 2817, 2819, 2828, 2830, 2838, 2848, 2849, 2850, 2851, 2852, 2854, 2858, 2864, 2868, 2871, 2874, 2875, 2880, 2882, 2886, 2890, 2895, 2898, 2899, 2903, 2908, 2910, 2911, 2926, 2928, 2929, 2931, 2932, 2937, 2947, 2951, 2953, 2955, 2960, 2963, 2971, 2973, 2975, 2976, 2977, 2988, 2991, 2998, 3000, 3001, 3004, 3006, 3013, 3016, 3020, 3021, 3025, 3026, 3034, 3041, 3044, 3045, 3046, 3048, 3051, 3055, 3059, 3061, 3062, 3063, 3066, 3068, 3077, 3078, 3080, 3084, 3087, 3093, 3097, 3100, 3102, 3104, 3108, 3118, 3120, 3121, 3123, 3127, 3130, 3132, 3136, 3137, 3138, 3142, 3144, 3145, 3150, 3155, 3158, 3161, 3171, 3177, 3185, 3193, 3194, 3197, 3198, 3199, 3200, 3201, 3204, 3206, 3209, 3211, 3218, 3219, 3223, 3226, 3227, 3229, 3230, 3234, 3236, 3237, 3238, 3239, 3241, 3243, 3251, 3252, 3255, 3259, 3264, 3267, 3268, 3272, 3277, 3281, 3288, 3290, 3294, 3296, 3297, 3301, 3309, 3310, 3312, 3314, 3316, 3320, 3321, 3325, 3330, 3331, 3334, 3344, 3346, 3347, 3350, 3351, 3357, 3366, 3367, 3368, 3373, 3376, 3378, 3384, 3387, 3388, 3392, 3393, 3394, 3395, 3401, 3402, 3404, 3425, 3430, 3451, 3457, 3460, 3461, 3463, 3464, 3466, 3467, 3469, 3473, 3475, 3478, 3480, 3483, 3484, 3487, 3488, 3493, 3496, 3497, 3498, 3499, 3503, 3508, 3517, 3523, 3524, 3525, 3531, 3532, 3535, 3537, 3541, 3543, 3545, 3547, 3551, 3552, 3553, 3555, 3561, 3563, 3567, 3586, 3587, 3589, 3591, 3597, 3599, 3600, 3603, 3605, 3611, 3618, 3625, 3649, 3650, 3653, 3661, 3664, 3665, 3673, 3676, 3681, 3685, 3687, 3691, 3695, 3703, 3706, 3707, 3713, 3714, 3720, 3722, 3725, 3737, 3743, 3744, 3745, 3748, 3750, 3751, 3753, 3754, 3759, 3762, 3767, 3770, 3774, 3775, 3780, 3785, 3786, 3793, 3795, 3797, 3801, 3807, 3812, 3814, 3815, 3816, 3819, 3822, 3824, 3830, 3833, 3857, 3866, 3868, 3881, 3882, 3890, 3898, 3900, 3902, 3905, 3910, 3911, 3913, 3914, 3915, 3917, 3918, 3920, 3921, 3923, 3925, 3931, 3932, 3934, 3935, 3936, 3941, 3947, 3948, 3949, 3950, 3952, 3955, 3960, 3962, 3963, 3967, 3970, 3973, 3974, 3975, 3976, 3986, 4000, 4006, 4008, 4011, 4024, 4029, 4033, 4035, 4036, 4037, 4039, 4049, 4051, 4054, 4059, 4060, 4061, 4065, 4066, 4067, 4069, 4070, 4071, 4072, 4076, 4079, 4081, 4090, 4091, 4092, 4094, 4097, 4098, 4105, 4106, 4111, 4112, 4113, 4116, 4117, 4118, 4119, 4121, 4122, 4124, 4126, 4129, 4134, 4138, 4143, 4151, 4152, 4161, 4166, 4171, 4173, 4182, 4185, 4191, 4196, 4197, 4199, 4205, 4207, 4210, 4220, 4222, 4231, 4239, 4241, 4243, 4244, 4248, 4250, 4254, 4255, 4256, 4260, 4262, 4266, 4268, 4283, 4286, 4287, 4289, 4294, 4295, 4297, 4299, 4300, 4301, 4303, 4305, 4308, 4318, 4321, 4323, 4324, 4326, 4327, 4328, 4330, 4333, 4335, 4336, 4343, 4346, 4354, 4355, 4363, 4365, 4368, 4371, 4372, 4377, 4383, 4392, 4395, 4398, 4406, 4410, 4411, 4413, 4417, 4432, 4435, 4439, 4445, 4462, 4464, 4465, 4466, 4470, 4481, 4483, 4487, 4492, 4493, 4499, 4502, 4504, 4505, 4508, 4511, 4515, 4521, 4524, 4536, 4544, 4552, 4560, 4561, 4565, 4567, 4570, 4573, 4576, 4578, 4579, 4580, 4582, 4586, 4590, 4602, 4605, 4607, 4608, 4610, 4611, 4612, 4613, 4614, 4615, 4617, 4618, 4621, 4622, 4626, 4628, 4630, 4631, 4632, 4637, 4639, 4641, 4644, 4645, 4650, 4653, 4655, 4656, 4657, 4658, 4660, 4669, 4674, 4677, 4682, 4684, 4686, 4689, 4692, 4697, 4698, 4700, 4703, 4707, 4711, 4713, 4715, 4716, 4717, 4719, 4720, 4723, 4724, 4726, 4730, 4731, 4732, 4736, 4740, 4742, 4747, 4752, 4755, 4756, 4760, 4761, 4764, 4772, 4774, 4777, 4778, 4783, 4785, 4786, 4789, 4792, 4797, 4798, 4799, 4801, 4808, 4819, 4827, 4828, 4831, 4832, 4834, 4835, 4839, 4840, 4842, 4845, 4853, 4856, 4857, 4864, 4875, 4876, 4879, 4882, 4886, 4889, 4892, 4893, 4895, 4896, 4899, 4902, 4903, 4904, 4910, 4911, 4915, 4917, 4926, 4927, 4928, 4929, 4930, 4931, 4935, 4938, 4944, 4945, 4946, 4951, 4952, 4953, 4956, 4959, 4966, 4976, 4984, 4991, 4995, 5000]

