Set parameter Username
Academic license - for non-commercial use only - expires 2022-06-18
Set parameter TimeLimit to value 3600
../data/instance_5000_50000.dat
solution_summary(model) = * Solver : Gurobi

* Status
  Termination status : OPTIMAL
  Primal status      : FEASIBLE_POINT
  Dual status        : NO_SOLUTION
  Message from the solver:
  "Model was solved to optimality (subject to tolerances), and an optimal solution is available."

* Candidate solution
  Objective value      : 2.07900e+03
  Objective bound      : 2.07900e+03
  Relative gap         : 0.00000e+00
  Dual objective value : 2.07900e+03

* Work counters
  Solve time (sec)   : 1.36450e+00
  Barrier iterations : 0
  Node count         : 76

Set parameter Username
Academic license - for non-commercial use only - expires 2022-06-18
Set parameter TimeLimit to value 3600
../data/instance_5000_50000.dat
solution_summary(model) = * Solver : Gurobi

* Status
  Termination status : OPTIMAL
  Primal status      : FEASIBLE_POINT
  Dual status        : NO_SOLUTION
  Message from the solver:
  "Model was solved to optimality (subject to tolerances), and an optimal solution is available."

* Candidate solution
  Objective value      : 2.07900e+03
  Objective bound      : 2.07900e+03
  Relative gap         : 0.00000e+00
  Dual objective value : 2.07900e+03

* Work counters
  Solve time (sec)   : 3.09959e+00
  Barrier iterations : 0
  Node count         : 76

Vertices: [21, 71, 212, 223, 275, 308, 386, 477, 680, 748, 845, 1088, 1097, 1224, 1291, 1349, 1352, 1391, 1713, 1738, 1815, 2190, 2312, 2334, 2410, 2640, 3054, 3216, 3223, 3313, 3385, 3937, 3960, 4185, 4209, 4212, 4245, 4286, 4292, 4354, 4357, 4410, 4454, 4661, 4671, 4753, 4796, 4820, 4907, 5013, 5103, 5149, 5258, 5342, 5480, 5578, 5623, 5656, 5914, 5941, 5968, 6372, 6845, 6965, 7014, 7082, 7459, 7561, 7578, 7664, 8354, 8366, 8383, 8405, 8433, 8569, 8698, 8713, 8798, 8882, 8962, 9194, 9241, 9258, 9291, 9460, 9515, 9790, 9961, 10127, 10299, 10358, 10621, 10696, 10740, 10848, 10921, 11041, 11214, 11280, 11606, 11848, 11861, 11913, 12167, 12233, 12363, 12412, 12430, 12494, 12736, 12750, 12764, 12828, 12866, 12958, 12984, 13021, 13103, 13112, 13123, 13226, 13331, 13369, 13420, 13666, 13956, 14064, 14141, 14334, 14453, 14484, 14488, 14770, 14788, 15016, 15039, 15057, 15078, 15129, 15136, 15261, 15326, 15362, 15399, 15418, 15442, 15456, 15528, 15665, 15851, 16053, 16244, 16501, 16537, 16638, 16846, 16916, 17552, 17563, 17723, 17816, 17828, 18010, 18068, 18097, 18271, 18281, 18345, 18402, 18415, 18719, 18802, 19532, 19620, 19760, 19778, 19804, 19881, 20126, 20291, 20438, 20679, 20815, 21049, 21091, 21115, 21290, 21329, 21356, 21467, 21592, 21652, 21737, 21777, 21874, 22167, 22388, 22426, 22510, 22856, 22862, 22962, 23167, 23195, 23385, 23430, 23550, 23576, 23788, 23865, 23892, 23949, 23974, 24303, 24347, 24400, 24519, 24564, 24634, 24857, 24877, 24965, 25248, 25312, 25531, 25727, 25784, 25867, 25883, 25897, 26469, 26648, 27007, 27041, 27044, 27206, 27207, 27221, 27223, 27350, 27513, 27524, 27562, 27811, 27951, 27959, 28002, 28035, 28148, 28176, 28610, 28873, 28989, 29195, 29482, 29524, 29641, 29694, 29702, 29756, 29767, 30074, 30147, 30169, 30204, 30288, 30425, 30446, 30868, 31034, 31120, 31172, 31251, 31674, 31912, 31963, 31970, 32094, 32149, 32205, 32210, 32314, 32589, 32628, 32673, 32906, 33074, 33376, 33527, 33547, 33602, 33632, 33648, 33653, 33656, 33698, 33838, 34184, 34202, 34304, 34348, 34758, 34902, 34996, 35026, 35218, 35239, 35642, 35711, 35724, 35772, 35774, 35790, 35799, 35814, 36225, 36288, 36378, 36451, 36523, 36586, 36615, 36800, 37053, 37107, 37206, 37455, 37517, 37534, 37714, 37725, 37876, 38207, 38505, 38594, 38813, 38868, 38916, 39222, 39415, 39561, 39691, 40016, 40167, 40176, 40197, 40311, 40386, 40473, 40535, 40592, 40633, 40898, 41050, 41099, 41131, 41371, 41472, 41503, 41837, 41839, 42084, 42121, 42231, 42242, 42267, 42279, 42308, 42570, 42677, 42738, 42860, 42932, 43275, 43306, 43443, 43541, 43582, 43639, 43679, 43756, 43790, 44017, 44037, 44146, 44334, 44566, 44621, 44750, 44764, 44785, 44796, 45080, 45213, 45262, 45296, 45324, 45332, 45342, 45368, 45614, 45644, 45760, 45816, 45859, 45867, 45974, 46165, 46216, 46244, 46282, 46341, 46343, 46494, 46938, 46940, 47037, 47101, 47300, 47419, 47510, 47523, 47570, 48080, 48240, 48245, 48259, 48601, 48924, 48969, 49068, 49169, 49266, 49407, 49594, 49853, 49889]
Edges: [7, 8, 47, 79, 93, 119, 133, 134, 137, 162, 187, 200, 249, 260, 266, 278, 283, 286, 289, 290, 323, 326, 342, 348, 373, 400, 403, 426, 433, 442, 464, 494, 520, 545, 560, 582, 591, 596, 598, 604, 649, 668, 672, 682, 683, 817, 818, 824, 830, 842, 845, 863, 937, 974, 975, 982, 986, 995, 1029, 1051, 1060, 1070, 1075, 1133, 1139, 1146, 1178, 1181, 1209, 1211, 1236, 1243, 1280, 1294, 1295, 1306, 1316, 1319, 1391, 1396, 1430, 1442, 1452, 1480, 1489, 1534, 1541, 1568, 1584, 1592, 1621, 1633, 1641, 1652, 1674, 1683, 1718, 1786, 1792, 1832, 1841, 1879, 1894, 1913, 1921, 1946, 1947, 1960, 1973, 2031, 2049, 2051, 2058, 2068, 2070, 2073, 2080, 2084, 2133, 2176, 2180, 2273, 2297, 2302, 2311, 2315, 2359, 2364, 2432, 2438, 2471, 2479, 2487, 2501, 2506, 2531, 2550, 2591, 2602, 2621, 2624, 2626, 2631, 2632, 2635, 2658, 2672, 2704, 2731, 2740, 2761, 2769, 2798, 2808, 2820, 2840, 2842, 2847, 2874, 2875, 2886, 2897, 2898, 2911, 2940, 2941, 2944, 2952, 2953, 2958, 2964, 2976, 3009, 3032, 3076, 3092, 3106, 3119, 3120, 3138, 3141, 3190, 3246, 3247, 3253, 3296, 3325, 3334, 3350, 3355, 3366, 3367, 3384, 3395, 3408, 3411, 3421, 3426, 3447, 3454, 3469, 3481, 3535, 3554, 3565, 3570, 3599, 3609, 3627, 3635, 3636, 3638, 3640, 3642, 3664, 3671, 3698, 3699, 3726, 3736, 3746, 3831, 3856, 3857, 3870, 3872, 3875, 3880, 3901, 3908, 3947, 3954, 3978, 3991, 4012, 4015, 4028, 4033, 4035, 4039, 4041, 4080, 4085, 4089, 4110, 4139, 4193, 4197, 4214, 4220, 4237, 4261, 4318, 4352, 4360, 4361, 4373, 4380, 4437, 4439, 4443, 4447, 4451, 4459, 4463, 4465, 4469, 4497, 4498, 4531, 4533, 4544, 4550, 4576, 4600, 4611, 4621, 4625, 4627, 4654, 4678, 4693, 4701, 4750, 4752, 4819, 4821, 4830, 4854, 4867, 4875, 4881, 4902, 4928, 4931, 4935, 4976, 4991]

