Set parameter Username
Academic license - for non-commercial use only - expires 2022-06-18
Set parameter TimeLimit to value 3600
../data/instance_5000_17500.dat
solution_summary(model) = * Solver : Gurobi

* Status
  Termination status : OPTIMAL
  Primal status      : FEASIBLE_POINT
  Dual status        : NO_SOLUTION
  Message from the solver:
  "Model was solved to optimality (subject to tolerances), and an optimal solution is available."

* Candidate solution
  Objective value      : 4.91300e+03
  Objective bound      : 4.91300e+03
  Relative gap         : 0.00000e+00
  Dual objective value : 4.91300e+03

* Work counters
  Solve time (sec)   : 1.77580e+00
  Barrier iterations : 0
  Node count         : 0

Set parameter Username
Academic license - for non-commercial use only - expires 2022-06-18
Set parameter TimeLimit to value 3600
../data/instance_5000_17500.dat
solution_summary(model) = * Solver : Gurobi

* Status
  Termination status : OPTIMAL
  Primal status      : FEASIBLE_POINT
  Dual status        : NO_SOLUTION
  Message from the solver:
  "Model was solved to optimality (subject to tolerances), and an optimal solution is available."

* Candidate solution
  Objective value      : 4.91300e+03
  Objective bound      : 4.91300e+03
  Relative gap         : 0.00000e+00
  Dual objective value : 4.91300e+03

* Work counters
  Solve time (sec)   : 1.72550e+00
  Barrier iterations : 0
  Node count         : 0

Vertices: [8, 35, 83, 91, 99, 110, 171, 205, 295, 320, 323, 328, 329, 354, 362, 373, 375, 405, 418, 432, 465, 468, 497, 525, 540, 551, 574, 601, 605, 628, 652, 703, 707, 739, 762, 796, 805, 810, 821, 845, 884, 901, 951, 1040, 1054, 1064, 1151, 1153, 1187, 1221, 1341, 1483, 1501, 1518, 1524, 1563, 1565, 1584, 1601, 1625, 1630, 1638, 1640, 1660, 1673, 1697, 1700, 1736, 1753, 1782, 1793, 1794, 1798, 1820, 1852, 1867, 1873, 1928, 1931, 1934, 1951, 1955, 2003, 2012, 2027, 2038, 2052, 2061, 2085, 2137, 2166, 2196, 2197, 2226, 2233, 2283, 2289, 2321, 2341, 2349, 2388, 2392, 2396, 2421, 2448, 2465, 2477, 2478, 2517, 2519, 2524, 2546, 2611, 2642, 2742, 2768, 2830, 2841, 2857, 2901, 2929, 2936, 2960, 2997, 3002, 3051, 3067, 3081, 3144, 3224, 3298, 3328, 3335, 3348, 3379, 3380, 3412, 3424, 3489, 3490, 3507, 3508, 3510, 3571, 3579, 3654, 3668, 3708, 3756, 3783, 3798, 3854, 3931, 3939, 3942, 3963, 3972, 4014, 4021, 4035, 4048, 4054, 4070, 4099, 4102, 4174, 4190, 4192, 4212, 4220, 4223, 4227, 4246, 4253, 4255, 4266, 4311, 4319, 4390, 4396, 4399, 4433, 4445, 4464, 4483, 4502, 4504, 4549, 4554, 4563, 4569, 4570, 4582, 4589, 4593, 4614, 4625, 4634, 4717, 4740, 4755, 4764, 4768, 4769, 4771, 4811, 4816, 4821, 4889, 4890, 4929, 4951, 4962, 4985, 4990, 5048, 5052, 5109, 5138, 5175, 5177, 5208, 5217, 5248, 5261, 5271, 5285, 5298, 5303, 5334, 5341, 5347, 5356, 5376, 5388, 5401, 5414, 5420, 5461, 5495, 5543, 5572, 5589, 5618, 5632, 5648, 5677, 5755, 5756, 5776, 5793, 5822, 5830, 5837, 5865, 5932, 5955, 5974, 5977, 5997, 6038, 6041, 6082, 6110, 6147, 6163, 6165, 6225, 6248, 6262, 6320, 6335, 6355, 6389, 6404, 6421, 6438, 6490, 6496, 6513, 6514, 6530, 6572, 6579, 6617, 6643, 6668, 6719, 6742, 6826, 6859, 6900, 6907, 6957, 6973, 6979, 7005, 7023, 7024, 7081, 7088, 7116, 7149, 7163, 7178, 7198, 7224, 7234, 7272, 7283, 7299, 7316, 7329, 7404, 7464, 7477, 7493, 7514, 7549, 7583, 7600, 7605, 7607, 7624, 7637, 7642, 7661, 7663, 7671, 7678, 7697, 7748, 7750, 7763, 7802, 7846, 7879, 7880, 7909, 7957, 7965, 7975, 8009, 8036, 8048, 8113, 8178, 8190, 8195, 8219, 8236, 8238, 8295, 8350, 8357, 8375, 8377, 8392, 8405, 8429, 8433, 8457, 8461, 8468, 8486, 8506, 8517, 8536, 8546, 8559, 8565, 8600, 8607, 8635, 8650, 8652, 8653, 8655, 8670, 8681, 8690, 8717, 8760, 8772, 8818, 8825, 8883, 8906, 8909, 8929, 9031, 9043, 9061, 9107, 9112, 9181, 9213, 9233, 9236, 9255, 9262, 9270, 9301, 9323, 9325, 9339, 9376, 9377, 9386, 9461, 9486, 9497, 9502, 9510, 9532, 9579, 9691, 9702, 9714, 9749, 9777, 9788, 9871, 9878, 10012, 10024, 10054, 10064, 10067, 10104, 10116, 10260, 10275, 10306, 10329, 10345, 10389, 10413, 10435, 10453, 10456, 10472, 10485, 10495, 10525, 10572, 10593, 10619, 10629, 10642, 10693, 10698, 10707, 10715, 10719, 10737, 10742, 10794, 10837, 10844, 10853, 10877, 10888, 10916, 10920, 10937, 10944, 10951, 10972, 11019, 11020, 11032, 11058, 11062, 11132, 11157, 11159, 11161, 11162, 11164, 11167, 11182, 11184, 11247, 11279, 11283, 11347, 11362, 11391, 11399, 11411, 11461, 11574, 11606, 11612, 11614, 11643, 11659, 11679, 11702, 11723, 11810, 11829, 11852, 11859, 11861, 11870, 11939, 11992, 12028, 12039, 12091, 12125, 12133, 12144, 12220, 12222, 12272, 12299, 12340, 12371, 12375, 12397, 12420, 12422, 12472, 12523, 12525, 12533, 12563, 12578, 12585, 12588, 12591, 12640, 12659, 12660, 12678, 12681, 12683, 12727, 12789, 12827, 12864, 12868, 12899, 12928, 12946, 12948, 12971, 13051, 13086, 13094, 13105, 13160, 13170, 13177, 13193, 13194, 13215, 13243, 13305, 13308, 13309, 13332, 13393, 13486, 13496, 13515, 13541, 13557, 13569, 13598, 13613, 13635, 13637, 13664, 13673, 13742, 13835, 13841, 13878, 13917, 13944, 13945, 13995, 13997, 14000, 14003, 14024, 14025, 14099, 14101, 14110, 14146, 14156, 14161, 14201, 14242, 14244, 14313, 14350, 14354, 14362, 14392, 14445, 14487, 14507, 14508, 14512, 14538, 14567, 14590, 14643, 14644, 14684, 14705, 14711, 14714, 14719, 14751, 14768, 14775, 14803, 14842, 14843, 14857, 14909, 14931, 14989, 14990, 14992, 15012, 15030, 15042, 15057, 15070, 15080, 15097, 15112, 15141, 15148, 15150, 15156, 15174, 15176, 15182, 15198, 15203, 15205, 15242, 15338, 15340, 15427, 15474, 15483, 15516, 15531, 15553, 15648, 15649, 15658, 15670, 15678, 15691, 15734, 15784, 15799, 15902, 15929, 15935, 15947, 15958, 15968, 15975, 15976, 16087, 16170, 16216, 16243, 16264, 16279, 16288, 16294, 16343, 16348, 16355, 16378, 16417, 16483, 16519, 16525, 16527, 16533, 16594, 16630, 16695, 16715, 16718, 16754, 16758, 16780, 16817, 16845, 16852, 16868, 16892, 16912, 16967, 16982, 16995, 17002, 17053, 17111, 17167, 17169, 17235, 17239, 17260, 17270, 17284, 17315, 17317, 17319, 17345, 17432, 17446, 17487, 17492, 17494]
Edges: [3, 6, 18, 24, 28, 45, 50, 55, 66, 69, 85, 92, 104, 109, 124, 132, 136, 145, 148, 165, 166, 168, 180, 199, 221, 236, 240, 241, 243, 259, 270, 273, 288, 298, 300, 304, 313, 315, 317, 318, 322, 330, 341, 364, 369, 380, 382, 389, 391, 395, 412, 414, 417, 426, 431, 448, 460, 461, 465, 468, 481, 483, 484, 494, 501, 515, 516, 518, 522, 539, 546, 554, 555, 560, 579, 582, 593, 596, 616, 627, 638, 640, 643, 652, 657, 668, 669, 690, 709, 713, 729, 739, 743, 755, 756, 779, 795, 797, 801, 812, 817, 823, 825, 830, 835, 837, 838, 839, 842, 858, 885, 903, 904, 905, 916, 923, 924, 938, 967, 981, 993, 998, 1004, 1008, 1027, 1029, 1031, 1055, 1061, 1065, 1076, 1081, 1083, 1098, 1121, 1126, 1134, 1135, 1139, 1144, 1149, 1152, 1157, 1166, 1167, 1168, 1169, 1179, 1190, 1192, 1203, 1213, 1221, 1231, 1239, 1243, 1255, 1263, 1273, 1275, 1286, 1290, 1294, 1299, 1306, 1312, 1314, 1318, 1329, 1340, 1342, 1346, 1348, 1374, 1378, 1382, 1402, 1412, 1416, 1431, 1434, 1441, 1445, 1447, 1450, 1451, 1454, 1471, 1476, 1479, 1483, 1488, 1492, 1505, 1524, 1525, 1529, 1530, 1535, 1543, 1550, 1559, 1560, 1562, 1564, 1570, 1574, 1577, 1582, 1584, 1593, 1598, 1630, 1631, 1640, 1644, 1649, 1651, 1652, 1653, 1660, 1663, 1671, 1681, 1682, 1694, 1702, 1710, 1713, 1716, 1723, 1726, 1750, 1786, 1794, 1795, 1799, 1805, 1819, 1837, 1847, 1853, 1856, 1857, 1867, 1876, 1885, 1894, 1897, 1905, 1916, 1917, 1927, 1956, 1958, 1959, 1960, 1968, 1983, 1984, 1990, 1997, 2000, 2005, 2019, 2024, 2026, 2029, 2078, 2091, 2092, 2096, 2099, 2110, 2117, 2124, 2137, 2144, 2147, 2160, 2165, 2167, 2168, 2170, 2174, 2180, 2181, 2192, 2203, 2208, 2211, 2213, 2218, 2226, 2228, 2236, 2247, 2264, 2283, 2302, 2307, 2310, 2330, 2331, 2335, 2339, 2340, 2364, 2366, 2372, 2374, 2384, 2387, 2390, 2404, 2408, 2420, 2433, 2446, 2454, 2458, 2473, 2477, 2504, 2520, 2537, 2542, 2544, 2550, 2560, 2578, 2580, 2582, 2587, 2589, 2592, 2595, 2604, 2612, 2617, 2637, 2649, 2651, 2681, 2683, 2684, 2686, 2701, 2702, 2706, 2720, 2730, 2731, 2735, 2740, 2744, 2746, 2749, 2759, 2764, 2765, 2769, 2772, 2777, 2817, 2828, 2832, 2835, 2843, 2873, 2881, 2883, 2884, 2886, 2902, 2904, 2918, 2925, 2932, 2939, 2942, 2951, 2953, 2961, 2965, 2972, 2975, 2981, 2987, 2992, 3003, 3028, 3084, 3085, 3090, 3092, 3101, 3112, 3124, 3125, 3127, 3137, 3162, 3172, 3176, 3178, 3204, 3208, 3224, 3234, 3243, 3259, 3264, 3269, 3273, 3277, 3280, 3282, 3295, 3308, 3321, 3340, 3347, 3353, 3359, 3390, 3398, 3441, 3447, 3454, 3455, 3459, 3470, 3473, 3475, 3494, 3500, 3501, 3506, 3510, 3531, 3582, 3619, 3621, 3624, 3626, 3631, 3635, 3637, 3639, 3649, 3653, 3656, 3660, 3665, 3669, 3687, 3693, 3703, 3720, 3721, 3748, 3752, 3753, 3756, 3759, 3766, 3769, 3774, 3775, 3779, 3789, 3794, 3803, 3805, 3822, 3826, 3837, 3846, 3852, 3854, 3865, 3869, 3872, 3882, 3890, 3892, 3896, 3897, 3902, 3904, 3909, 3910, 3938, 3962, 3967, 3975, 3976, 3992, 4004, 4016, 4021, 4026, 4039, 4043, 4045, 4061, 4126, 4127, 4129, 4134, 4140, 4150, 4155, 4172, 4187, 4196, 4197, 4211, 4213, 4234, 4240, 4243, 4249, 4259, 4261, 4276, 4287, 4290, 4322, 4330, 4342, 4351, 4353, 4362, 4370, 4382, 4391, 4395, 4396, 4397, 4402, 4405, 4411, 4418, 4438, 4446, 4462, 4466, 4473, 4488, 4492, 4504, 4525, 4526, 4530, 4540, 4544, 4560, 4566, 4567, 4584, 4594, 4599, 4607, 4611, 4624, 4625, 4630, 4637, 4643, 4657, 4661, 4667, 4676, 4683, 4704, 4714, 4721, 4734, 4772, 4777, 4801, 4825, 4855, 4871, 4874, 4876, 4884, 4900, 4902, 4905, 4919, 4925, 4930, 4933, 4944, 4951, 4959, 4963, 4964, 4969, 4975, 4979, 4982]

