1000 5000
1 212
2 156
3 358
4 252
5 305
6 65
7 154
8 303
9 15
10 323
11 40
12 54
13 113
14 354
15 197
16 50
17 41
18 220
19 87
20 94
21 241
22 327
23 145
24 46
25 288
26 131
27 205
28 179
29 332
30 245
31 159
32 57
33 304
34 231
35 295
36 30
37 281
38 8
39 162
40 240
41 188
42 190
43 266
44 279
45 106
46 121
47 347
48 353
49 139
50 353
51 114
52 118
53 219
54 67
55 159
56 322
57 279
58 269
59 51
60 251
61 232
62 274
63 282
64 258
65 370
66 208
67 100
68 312
69 110
70 194
71 256
72 190
73 11
74 330
75 219
76 149
77 316
78 160
79 248
80 114
81 119
82 62
83 94
84 207
85 79
86 44
87 307
88 63
89 63
90 283
91 367
92 143
93 10
94 127
95 180
96 329
97 277
98 167
99 127
100 231
101 199
102 264
103 264
104 309
105 275
106 98
107 368
108 167
109 103
110 290
111 265
112 89
113 190
114 265
115 284
116 219
117 109
118 347
119 42
120 292
121 197
122 248
123 255
124 120
125 184
126 236
127 309
128 344
129 146
130 283
131 259
132 337
133 302
134 60
135 320
136 186
137 373
138 107
139 47
140 55
141 159
142 128
143 112
144 302
145 34
146 182
147 291
148 178
149 210
150 3
151 20
152 154
153 167
154 138
155 297
156 102
157 300
158 83
159 146
160 288
161 324
162 123
163 87
164 43
165 77
166 286
167 61
168 311
169 218
170 322
171 109
172 176
173 188
174 128
175 282
176 115
177 3
178 128
179 56
180 67
181 290
182 232
183 198
184 206
185 29
186 275
187 157
188 233
189 315
190 78
191 222
192 201
193 150
194 129
195 290
196 68
197 189
198 84
199 237
200 98
201 221
202 312
203 142
204 103
205 43
206 11
207 227
208 67
209 55
210 175
211 12
212 224
213 314
214 101
215 277
216 49
217 303
218 261
219 313
220 32
221 90
222 273
223 312
224 233
225 368
226 253
227 261
228 327
229 260
230 320
231 338
232 291
233 70
234 51
235 82
236 42
237 40
238 323
239 38
240 57
241 316
242 141
243 333
244 284
245 179
246 63
247 80
248 342
249 115
250 260
251 7
252 36
253 33
254 198
255 179
256 112
257 109
258 44
259 118
260 78
261 222
262 115
263 65
264 284
265 281
266 133
267 348
268 97
269 307
270 357
271 172
272 312
273 197
274 92
275 294
276 296
277 80
278 20
279 153
280 358
281 137
282 344
283 256
284 293
285 54
286 104
287 137
288 116
289 252
290 318
291 184
292 194
293 282
294 16
295 30
296 368
297 21
298 49
299 195
300 63
301 293
302 161
303 5
304 332
305 145
306 34
307 25
308 93
309 36
310 308
311 313
312 115
313 51
314 80
315 117
316 66
317 126
318 373
319 31
320 334
321 312
322 194
323 265
324 187
325 258
326 295
327 197
328 111
329 228
330 187
331 254
332 240
333 175
334 97
335 35
336 75
337 19
338 356
339 108
340 197
341 30
342 71
343 191
344 19
345 262
346 94
347 50
348 268
349 293
350 319
351 243
352 99
353 368
354 138
355 17
356 335
357 243
358 18
359 319
360 70
361 41
362 300
363 117
364 294
365 205
366 196
367 209
368 35
369 341
370 178
371 350
372 114
373 115
374 373
375 374
376 36
377 30
378 327
379 143
380 46
381 186
382 10
383 299
384 53
385 369
386 66
387 312
388 280
389 307
390 61
391 155
392 305
393 49
394 290
395 124
396 98
397 145
398 171
399 154
400 320
401 80
402 111
403 369
404 89
405 267
406 325
407 359
408 245
409 114
410 136
411 321
412 94
413 266
414 311
415 161
416 50
417 229
418 190
419 324
420 19
421 165
422 40
423 299
424 351
425 375
426 321
427 141
428 167
429 87
430 119
431 74
432 334
433 83
434 132
435 317
436 73
437 2
438 42
439 185
440 101
441 27
442 332
443 22
444 361
445 142
446 213
447 71
448 264
449 124
450 87
451 26
452 126
453 57
454 204
455 207
456 292
457 342
458 83
459 114
460 204
461 351
462 279
463 299
464 183
465 305
466 182
467 174
468 321
469 290
470 226
471 302
472 326
473 188
474 98
475 141
476 31
477 232
478 33
479 174
480 25
481 372
482 253
483 137
484 351
485 94
486 49
487 161
488 115
489 9
490 79
491 24
492 302
493 317
494 284
495 108
496 80
497 300
498 318
499 14
500 68
501 169
502 108
503 221
504 98
505 104
506 73
507 327
508 147
509 177
510 17
511 192
512 211
513 47
514 189
515 182
516 292
517 60
518 175
519 265
520 300
521 181
522 189
523 58
524 257
525 209
526 256
527 351
528 194
529 152
530 260
531 184
532 161
533 183
534 166
535 71
536 29
537 223
538 53
539 302
540 362
541 366
542 73
543 144
544 234
545 192
546 308
547 135
548 94
549 91
550 173
551 89
552 155
553 344
554 213
555 327
556 154
557 187
558 165
559 229
560 220
561 255
562 62
563 309
564 271
565 371
566 360
567 257
568 108
569 328
570 168
571 153
572 138
573 307
574 334
575 358
576 27
577 274
578 20
579 290
580 155
581 184
582 242
583 226
584 297
585 230
586 261
587 26
588 170
589 198
590 204
591 128
592 75
593 336
594 263
595 363
596 181
597 28
598 315
599 79
600 205
601 14
602 343
603 47
604 375
605 83
606 181
607 282
608 182
609 292
610 136
611 93
612 338
613 52
614 105
615 153
616 121
617 358
618 188
619 200
620 370
621 120
622 274
623 264
624 107
625 158
626 227
627 45
628 374
629 10
630 127
631 233
632 221
633 204
634 192
635 86
636 102
637 74
638 45
639 169
640 151
641 198
642 290
643 48
644 278
645 366
646 340
647 254
648 36
649 306
650 350
651 315
652 36
653 253
654 46
655 214
656 338
657 334
658 2
659 106
660 347
661 170
662 33
663 32
664 321
665 156
666 14
667 186
668 128
669 15
670 159
671 119
672 321
673 232
674 145
675 116
676 301
677 133
678 213
679 205
680 238
681 252
682 247
683 9
684 209
685 260
686 354
687 159
688 370
689 79
690 226
691 95
692 169
693 11
694 307
695 86
696 79
697 186
698 32
699 280
700 218
701 185
702 89
703 197
704 371
705 315
706 251
707 215
708 207
709 269
710 107
711 162
712 119
713 343
714 69
715 194
716 160
717 26
718 257
719 271
720 60
721 16
722 30
723 257
724 35
725 209
726 339
727 373
728 223
729 291
730 41
731 149
732 178
733 197
734 9
735 234
736 367
737 297
738 46
739 208
740 199
741 148
742 56
743 329
744 367
745 24
746 263
747 222
748 27
749 61
750 238
751 120
752 284
753 196
754 255
755 274
756 164
757 290
758 366
759 157
760 354
761 68
762 205
763 4
764 76
765 105
766 342
767 303
768 52
769 142
770 257
771 353
772 346
773 202
774 78
775 117
776 70
777 276
778 2
779 43
780 7
781 259
782 206
783 12
784 317
785 270
786 229
787 157
788 2
789 208
790 369
791 1
792 302
793 28
794 27
795 148
796 270
797 8
798 280
799 252
800 102
801 54
802 161
803 67
804 375
805 157
806 207
807 139
808 7
809 349
810 90
811 341
812 131
813 70
814 186
815 26
816 141
817 247
818 287
819 375
820 40
821 189
822 274
823 19
824 93
825 266
826 238
827 301
828 162
829 374
830 130
831 131
832 117
833 254
834 353
835 86
836 29
837 43
838 220
839 72
840 178
841 283
842 211
843 304
844 135
845 13
846 287
847 213
848 173
849 126
850 229
851 267
852 57
853 167
854 245
855 330
856 186
857 39
858 92
859 139
860 277
861 47
862 196
863 187
864 167
865 1
866 149
867 95
868 162
869 189
870 61
871 298
872 46
873 40
874 19
875 331
876 303
877 2
878 315
879 64
880 298
881 262
882 147
883 288
884 360
885 44
886 2
887 46
888 217
889 333
890 103
891 373
892 220
893 343
894 256
895 217
896 219
897 351
898 100
899 171
900 245
901 347
902 261
903 201
904 186
905 290
906 76
907 177
908 16
909 225
910 115
911 85
912 35
913 305
914 85
915 238
916 347
917 82
918 309
919 157
920 168
921 208
922 146
923 88
924 334
925 132
926 350
927 56
928 41
929 366
930 294
931 135
932 194
933 145
934 46
935 85
936 151
937 151
938 79
939 360
940 303
941 338
942 270
943 343
944 115
945 256
946 63
947 169
948 102
949 329
950 310
951 16
952 372
953 354
954 76
955 369
956 188
957 238
958 193
959 229
960 77
961 244
962 344
963 269
964 54
965 195
966 222
967 63
968 286
969 28
970 98
971 246
972 292
973 150
974 170
975 15
976 164
977 68
978 275
979 154
980 37
981 8
982 1
983 206
984 239
985 11
986 236
987 244
988 236
989 191
990 248
991 199
992 240
993 214
994 28
995 234
996 113
997 38
998 100
999 21
1000 373
50 510 15
330 543 24
314 647 35
801 957 37
439 549 10
201 786 5
133 704 16
144 266 25
49 755 50
41 221 31
195 670 36
126 298 49
411 986 23
43 745 45
146 500 14
117 909 5
229 805 13
231 613 35
329 678 31
150 534 9
562 736 46
40 803 21
327 646 7
3 804 30
168 884 39
437 946 2
85 384 7
472 736 26
160 746 16
69 686 46
675 772 19
140 857 36
628 853 16
380 484 38
578 817 44
776 783 20
424 480 27
137 435 36
731 993 30
291 949 18
18 408 45
278 466 34
68 761 14
309 799 28
657 741 19
175 695 29
278 987 33
416 496 45
758 809 35
580 935 43
73 425 15
715 852 14
81 228 34
353 897 25
74 788 45
3 350 4
89 335 45
184 692 17
642 930 26
143 612 27
143 749 22
672 914 9
233 326 33
178 372 48
460 826 33
65 249 12
85 756 2
14 761 1
56 653 50
393 394 38
312 818 41
15 850 12
451 556 46
39 451 7
16 899 11
75 946 3
167 590 18
591 893 39
285 991 21
587 870 12
158 525 28
231 333 21
229 622 10
766 849 31
631 952 25
114 417 24
572 617 16
10 726 38
105 848 38
477 521 16
277 973 43
806 881 37
117 452 5
644 711 41
502 629 37
248 783 21
74 719 11
207 511 32
44 509 6
461 776 15
158 993 32
309 809 42
82 241 6
201 505 18
185 972 6
225 425 20
21 923 39
45 192 19
787 925 28
546 810 14
245 945 22
62 68 17
312 968 44
110 774 7
207 595 17
292 500 37
400 549 12
52 796 11
238 564 44
28 122 46
478 876 1
8 837 31
326 385 49
150 315 13
89 171 18
65 473 28
363 644 21
66 129 47
374 913 3
445 614 3
223 450 35
237 400 5
635 857 39
148 382 50
152 565 47
370 581 24
165 298 50
70 443 13
191 205 26
573 664 28
493 735 39
865 878 25
531 735 31
5 515 42
653 729 15
121 964 2
332 979 10
2 30 41
501 753 29
432 692 24
426 816 24
539 646 35
586 860 28
375 689 4
505 528 13
148 588 3
232 925 7
81 301 40
229 857 48
37 204 9
778 837 36
486 776 43
225 788 48
167 169 41
598 973 41
169 965 46
564 999 48
97 678 46
191 720 23
85 266 42
362 979 4
21 667 5
283 645 48
146 159 33
516 850 8
381 984 44
122 907 36
413 694 12
355 930 4
236 696 33
208 537 43
929 939 17
595 653 46
342 841 20
222 718 14
301 793 10
327 555 11
632 945 45
597 940 4
635 964 49
24 132 5
181 861 41
356 616 8
366 429 25
91 970 20
43 539 43
249 536 10
1 647 15
363 428 49
186 481 39
6 80 16
474 826 15
704 725 20
156 580 4
540 829 17
764 879 14
153 879 1
249 441 12
44 617 37
226 254 3
518 901 20
863 956 23
115 251 16
350 636 30
460 582 19
218 513 24
469 739 16
301 715 12
525 627 44
584 987 40
234 763 32
167 626 35
133 792 39
523 746 44
140 766 19
325 530 48
424 827 43
221 580 14
467 823 50
101 731 26
463 691 1
696 719 14
14 86 47
507 838 34
572 818 10
28 905 24
217 579 50
530 555 20
684 838 31
402 998 2
533 637 26
48 903 31
97 706 16
285 838 11
309 415 42
229 779 43
278 734 43
277 368 29
239 296 45
490 561 3
506 962 47
848 933 34
200 478 26
169 751 28
99 607 7
83 132 30
514 725 19
636 802 2
210 258 15
215 698 2
781 865 3
205 764 13
29 849 15
311 444 41
50 417 26
152 530 45
320 878 41
559 876 30
352 512 38
113 579 21
178 819 34
332 435 12
529 928 44
123 595 31
438 475 31
66 590 8
164 982 30
521 634 45
679 887 49
26 429 12
26 897 36
548 915 3
11 435 18
256 257 23
615 868 31
654 937 13
552 907 15
577 998 48
456 858 3
168 474 9
398 595 4
337 628 16
227 583 29
786 914 34
695 797 32
247 284 46
298 486 21
655 805 9
381 762 12
468 476 7
564 823 3
245 651 22
11 788 35
476 852 27
229 535 4
465 775 47
649 745 29
156 256 16
381 513 35
88 664 1
211 591 2
281 563 10
220 440 41
225 561 16
80 999 18
588 781 35
709 778 43
267 561 20
2 178 16
112 336 32
85 323 45
261 938 40
734 921 5
185 469 3
6 583 15
95 416 20
665 730 32
226 614 47
473 659 27
5 718 6
686 780 19
15 741 46
141 440 1
127 476 48
4 746 32
60 953 32
585 864 42
167 266 8
393 851 20
679 684 41
438 608 36
773 857 13
334 804 3
653 750 32
196 976 13
58 108 14
122 739 46
110 886 39
261 917 14
158 950 20
888 930 47
618 936 47
831 928 25
229 538 24
18 850 16
326 721 16
216 567 2
383 544 10
397 951 42
246 990 35
333 514 14
235 948 41
753 831 45
17 128 36
645 931 16
795 951 16
491 866 17
143 247 35
84 969 28
726 979 27
351 521 36
310 867 4
500 884 13
104 726 50
371 764 1
259 607 32
83 607 16
841 983 43
156 525 19
463 586 47
848 929 5
294 451 6
487 875 18
588 992 19
7 521 49
652 925 37
441 823 37
131 411 40
181 875 8
355 936 32
65 751 47
602 861 26
259 576 27
657 928 3
570 593 14
167 917 50
176 246 2
41 238 42
247 707 49
858 905 18
13 30 44
138 490 20
89 155 10
285 428 3
10 403 26
82 598 43
457 842 44
118 230 14
181 883 32
403 936 11
397 837 4
324 932 36
87 397 41
72 123 6
445 591 43
257 621 12
56 693 33
175 909 36
416 720 11
671 718 4
378 477 45
188 669 15
51 515 48
795 846 9
377 822 22
31 643 23
212 412 44
91 281 7
64 243 15
665 752 4
234 713 19
319 905 12
92 941 30
284 815 5
222 840 24
573 659 7
262 817 11
40 416 29
258 392 47
48 979 13
323 836 48
338 571 50
8 142 21
177 880 39
14 195 32
443 733 46
188 520 5
663 732 19
738 960 40
53 260 15
250 929 5
395 690 13
3 733 21
99 580 44
167 341 4
690 899 21
477 601 32
318 387 16
639 911 5
184 521 27
357 365 35
657 917 17
623 939 34
838 955 3
211 932 48
233 951 23
475 981 25
282 305 30
293 559 21
360 834 46
177 468 41
437 519 5
495 773 21
821 951 33
122 966 35
851 959 24
433 975 30
161 969 36
585 724 7
112 305 24
65 408 41
513 918 44
89 600 26
587 863 50
511 695 8
82 835 47
96 571 2
630 891 12
800 831 27
63 271 16
468 618 49
267 708 48
53 695 45
367 426 6
717 755 45
160 490 7
47 118 26
87 726 38
173 976 15
90 536 6
488 528 38
98 858 3
377 532 15
396 904 15
53 601 29
499 734 10
83 411 11
86 203 13
382 958 1
452 927 36
457 850 45
103 519 10
205 801 3
2 656 28
28 681 29
203 899 35
75 553 17
372 574 17
376 615 42
38 264 9
276 985 44
626 650 17
8 399 49
414 633 21
9 292 10
470 930 25
518 775 32
439 681 42
219 388 42
303 752 29
582 695 28
409 852 25
385 710 49
214 552 17
480 722 27
502 908 31
383 705 1
822 859 47
715 987 25
256 983 8
119 496 24
183 785 37
346 377 34
351 981 42
222 758 49
475 591 48
547 609 18
696 735 30
133 269 18
480 772 31
91 154 31
236 840 9
27 993 48
189 998 45
787 947 42
45 399 21
543 984 29
419 574 28
312 993 18
828 850 12
591 966 15
613 686 48
149 659 15
14 647 31
665 927 37
324 480 35
320 925 22
365 492 39
289 655 41
167 926 7
243 579 42
450 505 2
420 490 50
129 916 48
646 785 18
189 464 16
619 961 49
854 988 16
436 531 8
497 828 12
139 305 24
12 430 49
96 498 13
34 541 29
304 886 9
138 636 10
6 466 12
413 425 34
28 38 45
573 747 47
231 647 32
330 426 48
70 863 18
248 401 42
550 686 45
520 617 48
617 881 29
9 688 12
292 470 39
146 628 36
196 423 16
492 731 17
35 897 23
173 215 4
145 465 15
37 117 16
345 521 42
615 976 16
831 913 45
227 485 44
12 859 49
296 448 43
381 958 14
310 581 38
435 644 2
571 731 10
21 230 5
512 646 38
135 208 21
402 986 39
716 822 33
224 962 38
810 887 49
146 149 38
33 373 24
217 646 10
802 818 11
433 671 14
779 805 15
365 830 17
526 659 4
115 992 43
628 666 36
899 905 38
319 820 19
410 428 50
95 317 33
233 240 46
484 968 1
242 315 50
136 988 9
623 878 24
683 833 3
110 378 18
54 879 35
137 632 6
442 738 17
793 924 2
118 751 40
221 713 3
117 593 38
929 946 39
524 820 38
361 482 36
359 411 40
424 767 24
6 808 40
708 803 8
190 448 17
468 497 22
790 996 9
184 792 25
97 775 18
315 968 11
642 692 29
58 774 37
44 915 39
278 791 49
126 931 50
80 338 32
209 414 23
396 650 2
155 928 4
678 880 19
607 853 6
228 897 37
256 993 44
47 669 6
46 715 19
11 353 29
270 716 17
682 809 11
120 184 33
171 497 41
538 754 40
183 460 11
433 456 5
116 643 1
221 880 4
782 967 26
85 287 50
51 752 6
91 375 3
452 755 10
216 953 21
353 488 37
2 59 27
398 741 7
507 783 13
125 663 7
31 185 3
181 398 36
248 273 34
227 518 9
225 640 42
382 878 32
728 769 19
50 541 42
83 812 13
101 945 16
404 613 13
435 721 46
832 881 25
575 971 27
268 814 9
844 876 49
107 826 40
273 295 46
610 667 25
125 556 38
342 381 1
621 705 21
82 813 45
398 929 6
340 432 47
485 731 1
122 325 26
325 548 31
320 806 17
78 384 16
49 136 16
719 923 42
598 809 16
96 303 7
213 333 37
102 253 5
259 730 6
240 959 20
903 966 38
628 769 40
181 224 25
594 656 19
741 959 14
253 969 22
613 721 36
577 961 17
725 925 3
449 563 36
415 552 49
376 563 22
486 497 27
111 835 18
719 882 4
120 901 45
639 857 38
210 596 7
345 595 26
163 406 3
744 845 43
295 694 23
286 980 9
337 947 19
249 701 39
384 656 14
483 892 41
630 894 36
33 471 6
272 716 45
287 638 10
917 957 30
736 860 8
228 395 45
440 750 42
378 726 14
458 907 19
34 502 24
234 461 8
599 637 15
142 612 23
285 981 14
183 221 37
255 434 8
287 522 29
371 579 31
358 639 39
693 984 48
202 865 42
851 855 4
83 989 36
246 716 25
325 559 3
227 381 37
68 736 20
126 285 18
57 867 21
161 644 9
817 843 16
189 615 44
424 760 22
263 970 23
281 663 12
445 578 30
240 269 41
511 796 23
621 994 31
35 830 45
625 651 26
329 366 44
710 844 16
322 844 38
286 786 7
419 694 21
796 801 43
347 786 48
726 857 6
136 256 40
819 836 47
349 513 24
190 850 15
254 514 21
742 803 5
863 971 40
27 992 28
452 976 29
34 648 39
382 473 30
267 391 46
88 934 15
416 692 31
38 884 11
351 472 7
326 573 7
798 971 18
294 820 49
564 889 17
694 889 23
632 666 5
361 899 11
373 914 12
180 386 3
667 685 5
320 549 33
163 738 11
570 648 25
218 509 26
518 801 3
693 696 37
915 928 35
1 51 11
111 290 20
159 270 44
602 702 39
825 995 9
229 296 16
294 339 44
310 860 50
9 676 41
4 594 32
819 903 16
223 961 23
27 691 34
738 820 3
268 780 49
584 701 29
74 654 3
299 689 46
161 947 3
439 446 44
592 599 19
159 798 1
357 647 3
243 267 11
686 974 24
110 995 39
150 482 48
3 365 36
835 905 30
324 652 17
358 769 26
662 890 11
157 638 34
14 310 8
943 976 24
505 562 29
572 957 13
103 871 48
314 346 1
380 854 5
33 456 45
7 478 20
828 898 1
203 214 24
585 989 18
195 634 21
439 650 5
48 708 47
506 802 27
71 428 42
235 928 16
456 854 28
171 843 12
63 875 46
126 804 2
439 871 24
303 878 49
128 485 18
768 831 33
91 503 6
249 712 25
149 591 45
134 805 35
662 844 23
921 960 11
307 449 18
573 957 46
179 675 7
9 277 2
675 681 29
623 879 8
605 904 38
688 866 33
491 581 48
67 751 14
257 741 18
401 493 43
469 916 32
9 911 4
35 568 40
605 830 18
233 385 19
300 572 7
264 413 47
62 219 47
136 496 18
566 696 30
129 813 19
885 887 37
13 831 17
786 928 41
913 927 23
364 448 40
33 98 23
768 864 18
333 903 5
413 977 42
107 684 9
820 920 36
332 373 10
334 371 1
354 948 12
312 462 43
82 826 37
337 948 15
394 974 16
533 613 28
917 965 14
216 920 27
63 198 10
333 793 32
105 723 7
698 798 12
508 871 23
414 841 22
486 879 48
136 582 42
294 543 15
732 953 23
587 795 35
445 529 39
47 804 7
153 356 10
118 480 40
253 891 1
252 952 40
811 953 47
475 639 35
482 832 15
251 306 7
65 311 15
233 963 50
460 949 43
401 774 19
714 756 26
3 857 21
717 989 27
195 635 23
487 622 21
591 878 14
160 928 47
466 786 45
110 895 34
225 810 4
635 989 38
39 382 40
205 839 24
358 738 17
192 905 29
559 925 26
54 614 33
636 989 13
253 418 40
287 315 15
64 631 27
24 556 47
451 487 4
364 390 32
807 838 15
486 697 32
159 943 46
353 942 38
648 773 14
192 300 35
106 249 21
442 599 22
502 708 3
844 987 49
535 963 12
221 501 35
683 929 35
326 497 50
870 950 15
70 90 37
72 131 19
460 634 15
285 819 19
430 685 33
242 758 36
527 815 48
909 970 36
775 928 2
544 817 2
122 475 16
111 263 4
332 580 43
280 297 47
512 696 34
237 909 7
98 694 40
498 501 30
426 826 21
98 804 46
919 979 10
30 546 30
565 919 20
33 371 37
225 727 38
423 615 32
30 700 28
292 625 33
749 761 32
420 603 39
150 164 11
197 602 9
565 789 37
101 862 8
485 892 38
74 562 25
54 762 42
448 594 28
855 958 44
496 537 34
251 337 47
325 735 7
352 724 43
768 807 44
558 906 42
166 233 6
178 987 25
4 603 45
312 792 40
89 487 47
66 419 49
128 789 33
218 914 28
634 844 19
87 207 45
407 496 39
283 342 7
133 139 44
92 354 7
158 355 27
345 900 5
90 194 45
438 607 23
152 279 35
613 801 6
618 927 30
80 833 7
419 822 6
844 853 37
252 586 34
297 350 47
35 996 19
12 691 15
670 741 49
325 579 17
516 961 47
34 118 10
911 990 35
124 573 5
264 904 36
722 846 44
101 592 38
247 675 20
664 871 18
166 840 17
704 851 5
387 588 24
391 449 42
542 956 17
379 680 22
397 902 35
147 616 27
330 729 17
124 136 48
632 974 24
125 781 8
182 959 33
113 248 49
578 973 50
484 781 43
70 409 8
585 801 21
14 777 47
668 833 40
145 216 14
74 965 17
561 766 37
605 992 17
298 349 31
358 634 3
245 600 23
416 792 8
8 990 41
246 545 30
316 829 28
458 710 31
89 406 28
327 720 4
17 824 39
759 791 2
184 271 35
240 331 11
546 621 44
404 453 41
41 732 10
146 544 2
247 639 26
283 426 19
55 628 39
246 788 40
607 836 48
140 544 47
762 968 9
541 649 41
39 376 37
162 562 3
493 904 25
712 978 1
142 876 6
313 923 49
236 988 30
56 523 38
590 914 14
377 380 26
159 952 9
291 386 30
1 880 47
53 894 19
46 115 34
59 641 1
114 694 44
249 951 22
239 746 15
398 977 40
358 417 19
812 903 49
246 833 35
255 647 40
575 883 47
310 775 16
3 708 23
732 782 23
479 737 39
121 881 40
232 838 25
742 955 33
213 445 22
73 446 27
558 611 24
566 855 20
261 785 20
219 842 32
302 972 48
154 833 50
427 778 45
91 369 6
264 673 44
437 605 43
133 788 29
421 581 22
835 839 14
561 647 38
419 760 24
15 630 38
525 901 24
366 750 26
736 959 35
465 911 38
344 535 8
238 889 10
899 929 39
605 690 25
333 382 36
38 715 1
33 711 29
740 921 25
53 752 31
546 763 35
523 630 20
523 804 39
118 430 4
55 81 13
74 399 39
296 312 36
132 617 42
63 290 22
455 904 1
442 847 37
365 980 38
199 440 5
223 636 7
418 507 2
435 787 7
60 589 2
704 762 28
346 943 45
199 845 13
268 883 40
254 944 33
341 693 17
404 551 42
248 364 27
202 645 17
246 661 1
486 818 3
170 732 28
514 745 7
109 689 34
547 735 37
524 618 28
248 333 25
412 723 44
4 382 43
431 446 11
530 653 16
311 953 14
607 726 31
421 972 28
745 973 45
415 564 16
246 932 2
610 922 1
24 372 6
525 840 10
255 562 33
506 576 29
366 367 9
7 425 15
211 769 46
629 647 23
539 998 11
84 242 10
319 476 49
109 746 1
318 372 22
736 788 44
358 707 5
159 733 50
394 653 14
40 409 9
373 688 13
249 728 28
110 143 23
103 844 5
189 667 4
697 774 5
510 552 13
245 966 39
673 727 48
314 925 45
120 541 43
445 914 20
105 638 40
507 674 9
359 765 3
76 887 2
93 153 35
273 600 24
305 517 39
119 311 21
268 709 39
337 528 19
501 763 19
87 282 14
781 968 47
500 774 7
192 475 5
347 357 31
587 640 15
446 815 2
635 849 10
564 921 46
536 703 20
9 336 17
433 759 12
498 608 4
137 649 12
795 855 5
81 208 48
528 733 14
611 945 34
100 394 34
249 792 24
20 495 20
127 773 47
556 924 6
154 852 46
118 676 24
318 919 28
902 915 15
19 744 44
754 870 29
69 207 41
448 801 32
267 607 25
25 696 36
620 669 25
731 925 46
446 772 44
8 298 30
366 707 17
457 613 29
301 549 33
196 991 6
676 988 18
89 825 24
332 733 35
201 267 33
391 752 5
303 557 48
36 706 11
557 671 12
942 992 35
856 859 9
581 854 41
876 927 10
235 716 49
860 956 19
24 104 38
323 781 14
277 844 42
128 172 26
289 531 4
301 479 24
288 381 17
345 386 47
680 885 48
690 728 20
173 863 40
16 477 11
59 868 49
477 527 18
677 806 28
832 963 7
197 521 28
72 797 39
392 800 18
862 927 7
539 541 23
350 531 25
125 260 16
535 990 5
137 972 12
464 834 39
353 697 5
628 664 40
99 590 39
375 827 40
230 895 45
570 959 13
168 924 23
551 993 50
761 785 6
581 944 21
482 506 1
746 921 47
223 353 34
57 969 33
335 973 45
136 943 50
205 225 1
530 756 44
287 429 27
34 182 35
489 920 38
258 779 48
430 841 45
676 874 38
285 663 37
165 761 21
321 704 27
539 723 5
345 453 32
145 312 45
442 852 45
141 312 13
548 840 5
29 794 43
137 234 45
366 928 3
720 857 42
472 956 50
647 946 31
727 954 26
95 318 22
979 981 2
25 864 34
521 568 6
246 476 42
435 915 50
77 143 9
335 794 3
434 999 46
270 639 27
196 895 6
160 693 25
67 900 36
164 506 42
653 906 8
85 289 8
454 728 9
121 637 1
515 536 42
63 932 50
673 820 4
380 919 12
273 505 17
416 719 25
600 853 43
398 745 34
632 667 8
393 989 10
280 799 19
42 353 36
662 850 34
356 480 8
362 620 13
41 263 33
510 718 24
418 586 14
396 623 5
70 250 41
111 395 26
240 258 39
232 959 8
450 547 2
269 852 23
185 865 39
101 765 28
241 733 35
409 758 16
746 796 45
272 427 42
575 996 16
41 770 44
139 542 10
46 924 10
613 793 23
100 889 21
243 913 15
175 850 26
366 979 25
254 719 4
21 857 11
873 997 29
162 720 11
418 961 29
144 221 12
554 757 34
6 886 32
319 703 10
442 743 19
353 831 19
106 689 17
398 947 20
342 997 36
251 624 47
165 964 12
798 836 25
159 551 27
720 984 10
693 925 43
523 805 12
822 936 16
28 429 13
888 983 15
296 811 14
617 1000 11
36 777 38
511 774 46
163 583 32
95 320 32
461 481 48
16 457 17
446 568 26
633 859 32
654 887 44
941 944 27
730 947 31
148 249 49
532 677 23
56 277 6
286 760 40
201 405 30
76 865 10
38 395 48
634 845 12
319 580 2
136 754 43
283 786 35
363 890 48
377 500 1
205 443 3
277 299 2
90 870 16
207 445 46
403 716 42
281 957 49
310 656 41
369 943 40
639 759 11
346 438 37
114 490 11
58 509 7
352 570 32
153 676 50
416 950 43
178 986 37
315 334 12
586 946 45
675 877 12
362 823 27
549 563 42
364 804 27
87 192 4
158 581 31
961 968 16
13 403 38
284 850 24
294 615 21
33 378 26
569 679 13
282 763 3
680 854 27
329 658 14
692 898 30
675 761 29
90 531 47
557 851 9
599 993 10
282 350 42
263 655 33
227 320 43
300 745 49
345 592 5
66 925 29
180 455 43
290 458 12
930 994 13
230 708 29
254 542 2
361 849 47
146 292 10
659 759 6
184 771 21
637 865 33
520 814 23
264 718 42
383 946 18
8 40 28
139 928 47
543 807 33
112 884 42
63 660 11
110 209 46
577 842 44
164 881 17
232 704 12
307 345 38
539 939 7
215 749 30
209 525 41
127 716 5
234 280 47
74 783 7
260 650 3
55 944 13
486 799 49
331 753 33
649 874 6
60 653 33
288 686 6
465 736 22
98 458 22
48 141 10
510 833 23
44 831 18
273 665 25
46 74 32
147 853 13
156 781 49
871 937 14
634 896 23
552 846 6
99 887 22
371 378 24
409 461 33
89 327 37
694 942 40
84 550 15
355 736 2
19 749 11
423 686 49
390 627 7
64 701 31
617 796 24
309 697 36
267 760 20
170 247 16
383 574 38
350 883 35
519 548 20
603 974 4
356 828 45
67 314 32
197 710 17
669 868 9
177 949 21
295 546 16
300 405 22
346 530 48
129 529 40
256 685 13
485 508 24
252 265 40
526 899 2
218 414 42
473 860 39
260 860 33
253 255 32
654 761 31
350 479 17
504 550 33
58 629 36
11 576 41
66 380 28
336 893 16
14 308 37
242 995 30
563 627 32
402 651 5
583 743 42
403 850 15
134 298 3
178 439 8
413 763 34
87 114 36
338 932 28
328 482 19
106 650 47
127 520 24
489 570 45
216 279 40
592 676 10
92 411 24
737 841 20
28 608 10
42 47 41
268 313 45
15 198 25
418 779 37
603 914 7
317 989 18
300 924 26
764 765 38
616 665 27
402 476 27
177 881 29
334 813 21
471 684 24
555 650 40
531 815 5
201 623 3
430 989 5
87 405 23
281 741 19
693 828 47
736 900 12
107 779 46
263 546 13
41 624 17
264 707 16
25 987 47
46 281 33
371 872 43
283 354 36
366 535 14
199 315 48
218 420 24
497 571 26
298 522 42
679 943 14
234 404 46
477 956 2
637 720 31
593 940 20
574 821 14
426 913 9
468 470 4
145 609 4
80 121 42
354 445 47
450 837 5
420 729 18
472 744 28
214 763 41
389 535 48
658 968 14
146 710 6
770 906 45
691 987 49
315 827 43
699 805 26
53 230 24
453 868 6
162 999 20
233 558 1
161 465 50
4 854 22
332 409 39
461 694 41
355 962 19
590 596 14
455 843 40
322 716 27
85 318 21
718 992 33
235 735 33
266 487 44
310 876 14
251 553 24
506 615 24
116 965 33
426 751 10
422 527 45
210 372 23
243 509 4
883 938 17
164 255 22
723 960 5
221 884 8
586 995 41
76 742 40
111 307 19
415 422 44
70 631 26
48 776 28
277 801 32
124 702 44
240 699 20
266 605 41
562 606 12
693 768 7
178 541 28
326 448 21
109 947 21
514 954 10
447 621 13
126 971 5
290 476 32
256 586 26
176 991 26
204 415 27
495 697 28
47 632 25
2 365 31
107 165 44
63 866 45
207 912 26
391 443 10
180 206 12
66 312 42
124 751 18
596 955 34
294 320 21
259 283 17
150 652 35
321 449 32
250 314 44
11 274 1
193 961 26
175 459 35
244 667 17
408 678 1
817 880 28
690 710 42
129 306 13
186 570 40
160 225 17
917 1000 33
347 702 37
36 385 27
129 607 32
534 935 30
150 946 50
252 456 29
170 629 12
332 548 28
170 707 20
502 544 46
466 819 29
750 820 11
349 395 27
56 890 40
100 461 16
62 945 28
168 717 36
239 361 32
6 809 8
494 916 41
464 944 31
329 534 15
482 886 37
470 854 6
128 537 17
238 268 22
706 851 35
115 289 4
347 531 32
934 940 46
748 961 20
1 671 33
169 978 40
558 899 23
722 815 28
721 951 12
68 832 12
198 592 37
212 962 27
111 365 4
445 775 21
639 797 26
392 896 21
547 658 20
443 543 44
550 648 25
290 863 38
644 849 27
88 809 42
166 223 45
717 884 1
576 922 10
567 877 25
264 418 7
94 725 10
503 781 40
7 827 49
299 787 34
241 638 24
415 722 28
61 642 24
229 256 32
282 888 32
191 990 22
6 978 23
833 867 31
164 306 4
445 788 24
181 190 21
685 824 11
24 47 13
371 553 40
596 662 40
186 328 39
880 912 18
829 903 34
243 393 38
66 901 9
410 546 18
541 739 26
404 516 3
452 881 28
705 790 20
724 1000 50
314 770 18
108 219 33
79 517 31
98 765 17
286 807 20
4 476 19
413 896 40
415 432 21
36 214 33
364 691 35
434 802 11
90 996 17
24 867 25
236 572 27
292 339 21
58 334 49
24 681 5
348 529 26
7 883 11
544 701 20
29 458 1
438 464 4
199 893 21
630 683 18
318 492 23
275 946 22
306 838 31
158 251 41
53 248 9
558 606 30
511 889 33
325 359 30
698 718 15
102 610 45
44 331 13
39 408 8
688 919 6
327 839 13
15 617 32
668 727 21
581 692 16
375 447 7
8 473 29
399 608 44
139 914 36
422 570 29
147 923 44
272 927 11
354 378 45
270 600 10
678 810 49
66 241 8
300 561 5
213 773 21
535 956 34
343 442 28
288 391 34
189 524 38
36 233 36
501 924 29
479 772 46
358 986 13
255 486 13
493 770 4
400 767 37
500 552 49
795 891 22
235 916 23
132 562 34
462 472 36
477 847 4
203 752 20
10 212 28
353 514 16
543 726 38
88 872 33
22 745 5
588 685 26
746 985 40
681 932 15
693 813 37
31 655 42
142 229 26
7 23 29
70 851 26
60 212 30
763 894 49
410 855 34
465 670 35
3 337 49
154 205 49
551 661 1
336 736 37
341 948 34
125 954 48
578 584 40
13 92 29
686 987 27
446 980 14
490 820 46
639 908 35
164 253 48
357 853 13
701 770 49
140 581 22
277 456 28
708 794 43
77 475 7
902 925 35
32 867 44
41 586 13
83 558 32
330 542 8
627 875 39
302 424 14
540 886 22
115 757 31
21 433 5
6 334 37
58 435 49
911 997 42
222 715 6
607 788 5
543 786 30
148 499 24
131 582 5
664 960 14
206 537 2
184 902 31
713 905 28
172 914 31
2 532 22
262 364 19
236 280 3
388 472 32
360 912 11
7 631 41
144 376 28
446 979 29
63 465 9
293 699 31
346 470 27
164 205 14
250 896 37
102 776 16
281 864 48
738 891 28
292 985 45
313 874 33
149 691 12
734 763 48
674 678 13
11 666 20
197 206 5
78 906 5
593 984 27
122 976 40
498 755 34
525 794 19
317 733 44
577 943 8
110 760 32
523 701 26
535 866 15
192 975 43
36 962 10
54 230 18
559 797 45
326 560 6
649 959 8
409 496 19
808 870 46
671 763 36
808 895 23
109 442 18
275 862 7
108 680 23
179 940 25
22 674 1
717 756 47
260 880 20
227 572 46
93 753 23
91 482 29
90 150 26
685 954 15
503 615 37
569 948 47
58 239 42
555 942 24
29 996 21
360 813 19
284 774 9
293 344 39
36 254 4
244 783 18
227 690 22
574 800 20
348 792 6
16 98 24
312 419 10
210 745 42
260 415 41
64 595 45
636 831 42
304 909 30
466 485 22
567 852 12
343 407 18
79 471 31
551 819 45
357 860 8
214 907 1
39 773 31
188 746 29
279 801 47
717 882 21
752 779 23
286 603 11
156 728 27
758 958 40
874 892 24
667 776 46
29 46 44
160 703 3
438 943 47
411 717 21
373 491 20
105 886 43
730 773 46
343 715 50
365 708 25
448 957 16
308 374 22
733 805 40
569 763 21
796 905 43
422 522 36
277 615 15
83 326 30
539 754 20
112 636 15
188 466 15
74 628 11
18 466 23
91 951 6
62 801 40
411 958 29
28 667 5
146 293 33
146 212 48
539 852 25
118 804 10
154 555 34
784 964 22
318 845 1
8 636 8
820 965 7
38 946 27
623 780 14
174 465 37
346 373 37
258 806 47
156 827 34
311 883 46
144 836 6
451 530 38
58 500 29
144 695 41
911 946 31
21 124 28
73 92 36
45 398 36
139 902 16
528 978 41
127 299 40
410 443 10
584 827 23
30 93 19
558 749 43
386 891 24
191 836 4
434 454 47
56 550 33
252 406 40
534 723 11
254 685 42
137 826 9
15 283 18
403 628 40
401 959 31
335 643 6
353 478 28
635 745 16
415 647 30
676 887 18
343 960 12
591 652 26
313 322 48
528 797 18
268 311 11
285 627 18
159 313 28
445 774 40
314 721 6
181 862 25
175 875 50
688 813 19
396 746 45
425 815 32
318 856 37
274 999 49
548 779 18
864 1000 46
305 345 13
71 432 15
142 844 22
42 490 32
23 946 27
454 837 47
97 650 9
779 865 8
594 651 11
204 564 34
149 326 4
587 864 18
375 968 4
557 597 25
402 551 28
25 367 45
631 769 38
715 882 11
412 524 9
370 988 20
87 265 8
375 974 31
60 226 22
10 160 4
671 880 10
200 365 43
86 711 23
482 488 50
6 439 8
535 642 45
245 250 4
750 862 33
91 436 13
544 911 35
645 702 41
783 958 46
144 507 4
163 259 27
62 418 32
127 369 28
887 997 14
292 461 26
29 673 45
202 813 44
751 905 30
255 447 31
286 715 21
690 914 7
571 950 24
118 635 9
743 908 20
149 310 9
847 871 10
238 536 49
625 668 21
592 824 24
76 420 29
585 668 50
508 583 31
372 410 13
219 716 21
570 949 10
812 919 27
131 795 20
4 351 12
453 843 29
136 528 34
185 537 19
270 647 1
376 415 18
74 180 45
46 102 20
107 436 17
671 994 19
285 333 27
186 943 1
621 927 43
520 928 17
575 876 8
458 466 44
790 908 13
335 518 20
453 540 14
344 715 45
636 994 17
237 612 31
435 802 14
219 555 13
648 689 47
340 857 6
385 621 13
149 443 48
37 161 37
84 879 19
866 938 12
6 298 36
90 654 44
15 949 5
261 270 45
450 855 44
48 883 47
223 896 29
187 540 22
310 664 7
346 584 20
299 447 34
400 901 44
748 989 32
55 642 10
820 910 16
418 472 13
133 941 16
202 324 20
141 892 1
586 741 38
196 921 3
63 109 19
188 686 8
345 822 21
738 931 12
553 573 29
17 720 48
302 556 24
389 611 47
363 858 6
557 890 44
89 790 3
861 899 24
25 27 26
333 361 41
540 691 22
368 746 40
533 738 19
700 798 50
322 688 32
182 872 29
548 598 2
573 610 41
146 857 18
119 153 1
93 203 5
3 141 36
590 964 32
83 627 48
281 534 41
495 783 13
56 885 11
247 253 23
223 414 43
66 608 16
4 996 11
240 678 4
438 781 6
175 558 47
799 998 45
549 571 29
133 426 3
46 611 25
164 812 50
83 419 33
23 904 24
723 777 37
532 866 7
269 808 49
546 603 37
5 602 9
264 544 23
219 309 38
42 786 48
86 453 47
124 274 48
675 717 20
30 123 42
386 492 7
81 904 19
24 686 35
90 716 24
439 979 28
855 893 10
719 724 25
144 379 49
355 760 28
407 581 34
504 751 14
192 785 32
85 685 18
251 535 25
369 734 13
9 633 5
278 450 26
34 748 34
209 745 21
336 357 37
459 829 11
432 667 40
691 710 7
720 805 10
629 731 49
325 786 39
103 647 12
699 938 32
131 679 18
64 751 18
614 986 2
347 528 17
841 883 49
331 445 29
141 825 4
24 60 7
837 961 11
382 861 24
387 609 41
306 898 24
293 425 40
428 477 25
288 307 1
242 501 11
265 461 11
436 543 29
77 518 32
319 736 22
393 711 5
516 848 4
262 344 36
733 844 41
136 595 39
456 787 41
19 763 1
682 978 48
139 392 4
545 878 15
264 626 40
327 912 34
205 767 31
730 938 18
801 948 44
462 575 31
402 524 19
299 358 39
35 901 5
81 897 22
336 959 48
491 597 11
276 362 22
387 638 18
412 560 33
762 880 29
34 88 26
422 702 13
69 876 25
622 672 30
12 482 42
182 818 40
284 720 33
245 426 43
131 860 19
92 526 47
209 687 22
146 657 44
111 666 37
67 123 26
394 734 7
370 879 43
364 556 30
764 842 50
399 764 5
516 977 46
486 520 2
29 517 2
163 650 12
405 778 50
754 818 50
361 614 43
594 612 26
705 840 6
75 523 11
378 573 46
37 753 22
525 820 49
91 643 2
168 963 8
29 598 19
489 635 1
70 282 12
687 701 10
568 771 46
460 637 35
522 671 29
50 206 33
318 813 6
291 478 24
21 973 30
147 340 47
717 866 19
240 469 14
531 802 32
204 283 27
371 397 33
161 588 32
124 459 25
88 788 9
25 402 47
475 936 34
835 919 20
191 609 21
661 910 23
171 846 16
349 755 2
43 956 49
701 940 39
502 549 29
399 731 44
525 909 40
310 525 6
513 717 27
42 792 31
590 801 29
788 857 17
374 470 44
89 699 19
84 460 46
455 995 21
655 988 10
326 784 19
66 648 44
204 507 28
203 868 23
603 846 34
242 818 49
557 686 8
32 43 29
621 833 7
510 558 28
10 836 24
36 626 21
256 998 5
403 796 48
148 203 43
486 656 31
920 990 2
523 747 47
121 282 13
1 352 12
511 710 35
331 934 41
243 849 50
48 286 42
623 682 4
547 934 11
461 587 41
383 470 19
173 426 11
626 658 5
642 818 31
152 589 18
188 798 40
667 697 15
417 450 27
267 859 8
238 762 37
35 842 16
359 825 5
421 490 7
39 417 13
92 965 49
212 739 46
48 824 30
445 612 38
192 885 5
91 801 14
485 828 9
417 561 5
89 831 22
337 792 45
174 599 47
189 983 34
323 519 6
190 255 45
72 398 38
38 666 24
547 943 13
91 597 12
752 835 24
526 625 15
240 798 22
117 401 14
188 419 45
826 869 6
367 887 40
485 588 26
622 760 33
332 857 49
276 1000 16
612 856 50
327 989 2
286 528 49
226 817 12
239 411 48
707 921 47
86 105 39
624 949 19
114 494 28
78 105 43
54 513 49
131 871 43
200 929 37
85 858 5
83 895 29
255 628 1
34 596 7
72 312 35
126 139 29
399 918 27
805 983 18
218 913 50
24 482 36
445 674 22
312 854 41
554 894 25
334 767 32
816 993 21
478 808 41
140 267 14
126 454 24
508 930 9
534 947 15
890 947 2
81 742 45
169 566 1
147 166 38
502 615 10
749 905 3
378 592 21
76 654 29
683 971 22
186 814 35
611 812 13
647 759 15
650 651 41
126 503 16
358 521 21
227 689 32
289 668 11
203 518 30
96 309 43
547 683 47
259 480 42
65 66 21
239 718 39
621 907 29
18 196 43
853 934 38
257 855 27
231 540 7
443 913 23
631 706 38
97 204 49
207 531 4
121 652 12
241 950 48
65 843 16
876 913 23
612 703 12
101 837 3
101 752 17
4 289 36
738 869 15
464 641 9
342 931 3
637 724 20
165 229 42
369 945 21
62 592 21
152 539 14
184 427 34
267 917 37
37 185 25
771 942 35
452 695 9
45 329 41
421 486 5
518 550 39
130 960 15
432 525 30
650 742 46
114 153 1
898 932 36
675 821 9
159 814 37
522 960 20
135 622 1
151 615 33
593 805 41
591 795 18
153 916 3
133 677 13
491 915 35
579 887 48
806 955 17
530 776 24
131 375 35
241 628 30
481 588 29
275 398 42
362 460 44
341 666 19
595 761 12
336 832 8
20 61 8
556 587 36
371 706 26
529 634 44
150 897 2
127 503 42
16 42 16
911 936 9
136 823 5
628 816 42
196 761 2
357 887 41
504 771 33
328 412 31
46 789 14
610 657 20
214 935 27
174 740 28
653 787 13
268 509 32
11 341 15
134 742 27
383 933 16
349 454 26
608 656 29
205 411 19
456 922 12
344 564 31
728 785 31
614 755 1
482 942 34
709 739 26
582 952 11
1 41 13
170 762 40
21 584 46
158 373 50
78 176 20
72 604 12
302 716 43
692 895 19
506 531 18
32 663 23
275 487 5
28 884 21
351 950 12
378 993 22
82 866 29
588 675 6
498 954 40
88 834 28
198 383 39
252 319 17
235 614 35
113 322 17
13 139 15
65 862 18
731 936 3
106 419 37
100 952 30
78 83 36
305 994 17
841 850 29
116 145 50
690 900 31
186 723 15
750 853 36
891 935 14
718 885 29
668 749 26
453 520 14
499 820 25
192 490 43
243 786 27
654 772 38
414 688 41
238 555 19
649 720 15
57 124 29
343 480 35
288 353 13
641 909 12
295 381 44
176 548 35
645 681 4
278 460 4
660 785 46
166 355 38
180 324 41
360 591 20
681 975 13
5 879 19
503 797 38
648 934 23
109 509 27
76 266 25
624 889 10
421 596 41
158 548 44
265 501 7
653 685 19
94 772 25
273 820 50
411 675 47
459 735 11
108 653 24
318 403 28
421 479 34
280 659 5
62 228 15
506 969 40
379 547 1
396 435 13
212 554 9
497 918 22
217 534 7
478 614 9
258 617 44
498 522 48
423 760 19
396 808 45
101 952 12
99 443 40
291 768 16
766 945 1
436 725 29
512 982 40
221 559 15
398 587 38
169 915 11
822 919 48
692 932 41
271 599 1
244 868 20
394 993 50
156 934 8
364 451 11
391 427 18
514 646 43
398 535 8
42 349 19
189 451 31
133 847 37
545 661 18
73 144 36
147 375 32
609 975 5
415 648 13
209 576 5
280 519 43
368 990 25
914 981 10
385 622 19
227 754 30
78 821 20
21 843 18
467 560 19
60 732 6
941 953 44
249 694 9
136 614 28
576 975 47
426 914 47
746 924 23
138 571 23
215 607 4
463 928 16
243 563 48
728 981 41
7 660 34
360 728 9
393 865 10
745 773 28
135 359 25
200 695 41
601 703 43
151 459 27
72 198 2
234 910 5
288 938 33
263 926 39
827 881 19
224 811 12
473 868 6
170 625 29
158 550 16
345 955 44
636 891 34
73 692 24
196 613 8
866 981 49
332 971 1
142 614 46
238 651 34
73 127 15
84 761 39
517 898 48
108 572 47
172 207 11
188 210 19
275 877 3
572 998 38
291 466 48
208 933 27
213 717 19
124 229 7
339 881 31
411 423 31
369 574 4
120 431 36
190 256 47
129 495 18
443 939 28
284 381 1
631 837 45
287 511 21
366 640 46
88 677 28
97 658 49
474 515 39
88 89 46
216 751 30
282 878 34
727 825 10
54 723 37
425 927 17
666 751 23
660 890 46
463 661 28
36 964 43
179 812 38
452 975 18
76 463 33
395 521 43
164 693 38
256 548 27
74 351 29
80 306 2
87 784 32
327 663 3
715 957 15
74 233 27
449 529 38
539 997 48
31 284 35
274 296 45
300 420 4
528 626 28
485 782 37
438 594 3
70 624 37
92 885 41
182 977 13
827 849 15
54 378 9
133 806 46
142 213 39
36 429 26
755 980 31
633 891 40
207 353 47
1 750 18
403 764 37
331 466 18
392 497 23
89 619 36
372 986 6
617 894 34
688 723 5
910 979 23
540 847 2
247 376 15
494 773 15
540 845 38
427 828 9
399 734 22
513 557 49
762 961 50
195 792 50
255 836 1
198 944 50
459 789 23
232 287 30
501 691 37
154 185 40
42 625 32
675 923 9
843 859 31
247 283 28
33 788 9
5 693 29
197 597 50
280 588 30
295 656 1
475 687 34
926 994 18
170 415 9
695 960 46
961 992 35
16 427 11
324 334 38
346 640 49
235 581 49
198 491 22
234 492 39
171 461 8
391 587 16
253 629 25
812 999 34
89 206 40
43 441 7
446 472 26
447 968 14
524 590 40
422 677 36
357 933 43
205 290 27
427 853 27
453 891 32
13 286 28
172 931 1
493 849 36
497 618 16
207 747 31
781 831 12
134 467 24
51 184 23
294 429 17
401 886 34
52 840 11
217 269 5
499 973 50
127 619 23
383 920 22
675 974 5
231 478 29
356 566 4
186 476 23
139 593 50
26 537 38
746 974 42
120 847 9
678 788 24
641 961 37
124 794 1
430 944 19
544 739 9
478 893 44
268 569 40
162 599 21
564 629 45
230 955 31
33 806 29
225 450 19
312 412 44
349 473 44
171 452 45
303 730 42
734 852 47
72 799 37
137 486 37
266 991 3
217 762 8
621 870 2
414 594 9
560 712 17
744 779 19
730 971 12
595 622 47
451 829 6
385 492 30
415 944 6
89 148 43
516 795 31
119 337 1
60 527 1
239 969 24
181 832 50
451 830 50
259 712 23
284 530 2
240 854 41
186 375 20
870 880 39
674 842 23
317 736 7
328 895 12
65 125 15
274 409 32
480 573 49
191 248 41
876 908 36
19 772 9
593 920 14
718 939 40
153 527 36
554 788 33
41 159 12
26 138 33
696 936 47
68 473 7
553 878 12
27 118 42
56 599 30
118 652 7
90 831 28
79 347 33
214 897 23
142 447 16
7 531 10
430 984 11
215 300 11
510 753 21
493 825 36
524 885 8
300 823 41
178 194 19
367 701 48
845 875 46
412 896 10
334 472 10
720 893 25
330 817 22
499 792 8
298 790 45
209 331 8
184 934 10
491 944 7
311 500 33
172 976 26
37 901 23
799 857 24
470 942 32
626 875 49
26 40 22
150 757 9
297 724 43
150 979 26
384 931 7
501 787 21
422 929 25
508 997 28
146 691 37
216 447 1
295 604 35
61 393 9
162 224 4
3 574 26
762 800 17
143 577 5
515 688 28
653 690 23
382 462 3
224 367 48
41 299 23
183 290 43
581 786 31
809 951 41
740 742 5
285 952 39
586 807 2
75 478 47
366 791 32
434 558 21
332 652 20
114 882 33
170 508 11
537 873 13
587 878 8
744 964 49
872 1000 11
454 749 48
50 399 26
408 626 26
364 756 27
232 255 7
186 385 10
344 790 9
178 273 26
239 905 42
52 295 39
688 856 42
141 581 45
645 879 36
269 713 49
204 917 22
94 768 38
627 670 13
309 905 37
405 635 40
210 592 25
397 406 13
576 811 10
591 979 50
341 805 17
208 528 34
282 471 36
109 401 19
195 205 1
55 707 9
67 712 30
408 831 17
597 916 19
493 992 2
104 264 46
512 635 48
872 930 6
41 105 25
12 848 32
286 404 38
39 259 29
56 289 41
391 543 6
234 241 6
352 656 31
487 838 28
306 850 46
773 916 18
291 584 9
631 876 47
691 953 50
242 260 42
136 627 32
489 673 39
558 666 5
214 528 24
322 853 28
374 736 14
46 766 14
176 714 46
20 395 10
49 63 17
189 576 11
138 876 2
163 558 17
21 910 23
139 992 27
283 538 41
302 715 8
438 832 6
755 949 23
561 816 28
665 768 17
406 752 13
689 810 14
619 972 37
218 758 5
328 816 7
243 814 40
88 936 28
68 726 20
71 125 11
14 533 22
60 544 29
154 246 4
250 392 21
978 981 12
44 234 20
247 717 50
212 754 33
289 659 25
53 761 47
617 753 17
70 103 24
13 149 19
461 671 48
84 611 37
111 320 1
95 446 44
304 832 28
478 633 45
170 347 12
226 362 9
87 733 31
109 816 49
212 771 20
46 679 7
395 708 23
60 508 16
887 917 48
620 971 41
852 956 48
156 648 6
743 840 36
373 417 27
182 848 45
242 563 25
428 629 43
391 734 15
103 745 13
99 426 32
207 686 39
479 647 15
365 948 13
509 732 43
422 883 46
407 675 28
170 985 34
447 887 36
208 224 29
17 433 38
713 846 34
115 148 37
230 345 41
254 428 45
387 474 6
421 981 41
375 530 19
87 892 7
772 953 13
301 805 8
901 958 50
168 816 50
509 680 10
639 931 15
37 561 27
817 992 31
172 449 20
375 913 7
556 656 47
831 847 25
86 909 3
866 907 17
170 537 30
90 477 21
213 561 9
46 177 28
169 400 45
341 653 17
189 671 20
95 913 37
252 305 34
157 705 24
136 365 2
185 447 19
784 886 29
658 982 14
312 707 1
417 706 22
85 146 48
22 440 34
34 888 5
75 605 29
173 881 2
108 746 16
41 87 20
336 652 39
591 821 38
311 650 22
350 414 23
533 695 6
353 595 24
165 994 40
214 980 33
104 141 30
166 829 24
468 939 3
494 625 1
212 694 9
175 338 17
378 681 7
171 238 20
210 351 43
579 726 39
146 963 43
291 726 7
358 905 34
309 843 46
186 986 1
472 779 10
309 851 35
291 310 16
61 580 13
282 931 9
484 984 35
137 199 9
8 95 5
680 797 48
216 864 38
805 820 15
131 558 43
190 611 40
109 214 43
685 807 45
678 777 4
444 511 46
214 609 12
86 227 13
47 641 18
147 212 38
42 412 40
41 760 30
586 719 23
416 637 21
268 564 11
168 720 41
374 838 6
339 383 49
647 776 26
116 408 26
331 614 22
314 713 12
260 618 28
245 439 9
125 734 50
541 747 28
171 278 31
134 520 46
419 560 28
23 355 6
227 907 13
255 787 5
24 175 19
477 848 39
142 784 2
560 754 27
55 724 9
225 456 20
95 139 16
393 404 20
788 995 20
526 818 16
459 891 33
423 545 36
500 584 16
357 498 1
586 635 34
553 569 2
668 699 31
465 534 34
327 723 36
207 974 35
91 226 29
136 392 44
69 223 50
90 619 37
533 983 41
85 356 7
264 937 27
410 919 16
486 904 22
208 443 47
82 744 43
461 923 43
578 657 21
264 685 2
536 794 23
721 898 8
568 600 24
140 684 2
44 817 19
99 664 16
540 609 6
429 658 42
184 743 2
91 827 29
332 357 8
621 660 30
64 703 2
60 573 20
132 300 50
98 761 33
36 131 27
579 940 37
377 796 24
666 763 38
192 618 18
571 581 29
812 991 17
585 697 46
462 750 45
655 760 49
403 858 38
695 954 1
128 996 26
939 970 26
512 817 21
350 895 49
308 555 27
13 380 36
286 616 8
136 848 50
265 692 15
166 205 22
297 452 4
197 636 9
342 550 26
161 309 49
17 467 17
456 739 13
509 571 42
209 378 18
106 229 45
466 909 15
307 316 9
405 642 22
180 517 15
696 809 11
31 424 20
102 642 32
716 916 10
320 770 50
516 802 40
782 905 3
194 511 15
188 429 49
34 368 11
124 648 40
469 862 2
47 746 26
569 713 44
128 962 49
809 973 45
302 855 3
106 161 22
774 798 48
229 395 18
492 547 24
676 937 36
206 435 12
105 326 39
607 692 22
127 985 11
85 760 39
931 962 48
213 249 14
72 644 43
304 957 47
51 840 26
264 808 48
778 960 27
814 882 23
197 884 33
46 713 3
712 846 10
723 854 32
373 561 26
107 739 38
116 641 40
354 414 6
679 710 3
336 813 4
339 361 7
271 760 43
687 770 37
22 557 14
133 959 11
218 815 17
239 456 41
264 741 43
149 280 28
657 973 47
519 715 36
168 569 13
209 384 27
68 827 48
155 219 13
148 702 4
55 457 44
377 902 4
307 384 14
143 750 11
251 389 22
917 934 24
692 703 32
79 348 7
158 764 18
238 805 18
295 696 18
277 609 28
463 983 27
486 978 18
37 146 4
89 330 47
336 600 6
219 876 25
356 535 42
556 562 29
881 986 34
453 500 27
410 558 18
254 312 5
216 762 41
559 774 28
31 471 11
162 618 7
451 698 28
15 507 22
635 981 39
298 932 1
168 513 17
183 326 31
593 994 9
653 878 22
351 357 23
502 894 22
329 442 2
313 962 43
361 894 10
122 220 30
508 809 10
249 653 21
476 527 46
419 733 39
233 795 21
6 452 40
510 598 33
435 713 48
237 532 12
65 270 43
379 754 44
118 491 19
359 932 7
87 341 32
22 761 33
88 874 11
8 553 38
55 71 10
143 461 5
152 389 26
299 831 31
343 831 31
822 917 27
473 832 2
237 480 1
208 269 20
64 476 30
481 998 49
549 693 27
25 492 5
77 546 28
78 845 27
493 975 47
55 248 16
45 571 44
237 890 48
645 678 18
287 774 19
412 759 15
606 956 20
523 767 35
595 897 7
196 586 7
559 719 20
283 590 4
280 509 21
519 954 28
292 534 33
221 465 44
362 870 4
323 580 11
860 945 22
688 787 17
239 421 43
650 849 16
138 296 7
40 854 37
514 640 39
785 810 41
242 593 5
96 654 24
684 863 35
673 865 27
694 957 17
103 295 45
398 563 10
135 323 26
121 593 41
22 771 44
25 332 48
157 716 43
866 916 11
28 934 12
570 999 36
652 769 14
150 243 24
246 952 1
34 83 14
435 635 23
597 905 40
503 521 39
645 943 22
86 330 10
252 320 33
83 839 14
382 986 33
404 832 42
392 893 15
387 477 10
495 565 7
384 472 26
428 984 37
118 551 35
500 868 3
45 742 34
97 356 5
318 598 45
489 978 38
26 871 14
809 896 50
399 596 32
286 605 7
333 582 31
28 141 36
293 798 32
280 847 25
206 841 37
102 686 35
186 548 19
402 685 2
84 735 4
38 679 40
107 743 1
752 936 45
330 766 1
144 254 1
427 667 22
271 423 29
450 839 21
301 537 47
336 937 38
465 848 13
88 122 31
518 780 40
592 716 41
272 840 47
351 707 42
435 883 46
58 373 41
976 977 50
843 931 9
239 623 5
146 321 41
373 559 18
193 966 2
222 904 15
741 984 23
678 751 1
582 902 20
177 920 38
17 561 18
34 985 34
73 773 49
111 931 35
245 251 35
328 940 33
7 976 4
672 682 42
972 994 20
23 100 16
675 870 43
262 615 34
399 511 43
194 539 38
782 902 39
351 606 9
418 967 44
262 697 48
313 586 45
847 994 8
499 776 21
125 527 5
137 469 18
257 522 47
497 849 9
218 847 10
240 293 20
700 781 21
580 822 48
151 789 49
120 575 41
368 906 34
291 575 48
463 579 9
238 831 36
165 248 30
400 511 23
767 912 6
6 409 20
316 411 38
69 579 46
398 660 29
141 834 11
38 766 43
375 392 32
36 457 29
254 827 16
222 542 2
223 439 7
7 881 33
481 578 5
177 755 13
54 414 24
95 203 18
87 368 37
262 710 32
369 515 40
134 186 50
46 405 7
597 812 44
28 564 13
401 970 46
247 687 48
489 583 13
87 724 5
71 607 15
557 996 13
347 881 15
625 700 11
837 857 14
84 858 7
358 893 21
663 922 34
481 648 14
153 585 10
531 974 42
804 978 41
277 534 8
172 913 31
612 631 48
404 964 47
58 201 17
401 641 36
433 561 38
306 588 1
631 650 35
599 902 28
409 687 28
322 900 42
661 700 43
370 404 15
623 802 47
581 958 41
530 627 29
363 940 22
501 647 22
900 961 25
274 546 38
534 630 19
593 916 12
166 246 7
268 478 5
157 580 12
194 429 8
37 706 38
26 361 7
32 206 32
249 737 32
99 560 28
770 923 19
404 667 8
18 814 37
614 933 29
75 185 18
343 819 6
548 995 23
245 629 24
202 290 48
340 567 18
607 685 1
264 943 33
663 933 35
149 801 49
476 624 16
183 633 42
29 130 27
310 401 39
13 121 43
470 995 9
48 369 14
92 291 23
85 111 39
60 300 32
109 646 8
22 292 47
311 402 40
248 620 17
207 401 37
888 967 43
216 366 25
258 940 19
385 514 46
513 621 35
643 889 4
363 1000 37
428 446 42
580 981 49
10 238 20
515 988 27
217 794 46
225 393 27
368 647 40
62 781 24
398 630 39
579 822 38
148 415 39
30 786 11
117 549 1
461 730 39
171 960 40
417 523 10
316 634 1
487 807 32
87 477 47
274 801 39
355 744 38
882 989 31
442 742 1
58 845 22
138 703 38
396 479 27
449 453 39
367 546 37
273 640 39
367 388 41
68 636 23
733 896 9
720 919 8
678 771 11
219 537 2
284 783 9
327 745 14
514 778 9
83 568 43
68 688 9
329 894 21
41 686 7
125 256 32
278 743 48
150 239 25
150 289 19
232 699 10
349 956 4
504 850 30
420 500 9
583 662 3
182 208 19
1 984 8
324 705 21
169 889 4
168 340 8
115 993 31
58 346 42
493 555 43
101 751 17
433 873 34
267 427 18
222 263 44
273 722 44
147 307 49
769 966 19
86 355 44
475 488 31
359 536 24
27 216 11
654 784 20
288 402 34
172 887 36
574 992 3
612 895 36
64 204 32
347 926 16
591 684 9
110 736 47
587 970 48
476 589 47
73 790 8
6 635 11
497 995 26
344 922 17
191 599 48
563 881 25
229 750 27
511 916 43
365 647 23
167 437 10
300 900 20
263 446 32
36 723 50
297 378 46
377 669 11
352 436 34
164 472 2
742 771 48
94 231 34
421 716 7
772 870 4
115 912 12
849 906 22
352 829 4
56 937 45
276 293 39
280 788 48
865 880 41
2 793 49
5 790 30
655 850 11
21 275 37
226 252 29
330 759 33
523 584 10
407 411 48
234 244 25
829 860 5
273 390 44
490 616 25
250 819 9
101 487 8
141 633 7
83 636 32
816 897 43
259 397 30
282 549 45
128 866 23
426 863 22
281 648 3
510 711 11
635 656 21
3 971 29
641 964 44
251 455 29
11 699 32
75 626 6
151 292 16
492 795 32
787 993 8
76 677 29
243 937 1
882 929 32
594 717 1
38 676 7
282 291 14
83 820 1
502 776 15
534 879 26
617 773 43
420 779 4
485 870 33
223 959 24
262 436 22
734 754 41
543 758 4
140 385 24
348 730 33
692 847 35
68 593 46
850 962 38
618 769 20
858 921 21
142 327 31
432 683 42
595 855 28
256 719 45
269 720 19
234 425 10
38 997 45
432 713 40
43 769 14
332 725 19
58 885 31
280 343 3
515 922 5
258 937 24
431 832 27
7 66 9
49 330 22
9 424 33
762 841 14
450 520 17
444 762 9
545 695 23
665 708 20
230 284 13
85 431 21
408 747 20
287 494 11
531 827 17
165 511 31
234 667 24
685 843 26
421 897 23
455 718 27
102 332 45
661 808 19
711 731 41
600 860 10
589 804 33
94 584 39
829 915 30
285 386 19
239 410 22
199 903 32
427 583 24
197 581 6
3 268 12
218 316 19
541 552 28
149 353 46
449 976 6
723 907 8
735 914 2
189 284 46
791 950 38
366 374 4
72 400 4
216 526 49
727 875 2
256 726 29
295 601 23
607 839 32
164 951 41
312 612 9
158 507 15
657 927 7
125 370 17
11 730 7
139 930 10
150 875 38
822 954 43
620 757 36
369 550 27
291 968 17
247 550 25
830 975 1
310 560 29
69 843 9
144 805 39
86 390 14
442 814 37
108 609 13
139 943 23
265 761 40
481 606 43
750 976 20
537 655 8
224 820 35
521 711 15
722 804 18
536 939 41
643 960 17
101 356 23
270 275 35
214 357 16
540 595 29
853 869 39
58 203 12
567 724 11
166 797 17
384 718 33
462 761 17
169 537 30
311 400 13
623 848 5
191 781 50
54 419 26
665 713 18
19 235 26
73 260 38
19 69 9
44 123 37
249 896 42
263 937 11
184 968 35
723 872 26
311 840 30
118 643 33
350 605 21
258 303 35
572 655 22
129 233 21
51 807 7
41 104 29
490 706 10
848 896 9
295 602 43
260 391 12
298 382 2
621 950 9
474 902 36
209 997 21
757 1000 36
265 388 10
589 897 24
400 801 46
724 737 35
13 962 34
122 866 23
474 638 23
506 815 12
400 838 44
254 801 42
91 846 27
372 735 46
551 984 4
14 918 38
420 483 26
563 776 1
45 674 24
26 89 24
466 974 20
470 981 15
401 760 9
284 446 47
286 970 15
28 204 4
403 868 10
310 489 44
327 779 35
964 992 47
767 997 47
98 387 10
311 480 24
808 882 21
671 733 42
392 883 10
148 892 46
53 463 36
672 938 33
172 448 23
83 226 4
401 645 24
172 504 23
458 611 43
165 860 43
468 625 2
199 215 26
205 518 6
16 633 20
41 445 4
125 659 14
352 808 44
122 554 12
253 463 40
682 929 6
698 803 48
458 888 30
512 540 38
737 861 1
270 549 47
634 829 14
705 940 22
374 509 38
769 832 10
643 770 21
818 873 17
855 920 37
97 373 22
57 642 26
110 890 9
477 691 8
212 699 4
250 475 45
90 572 2
56 324 31
369 959 18
557 581 46
324 970 19
591 708 45
88 715 45
465 835 23
327 711 13
169 771 36
22 546 46
440 875 2
205 595 40
558 736 21
189 413 43
679 909 2
424 811 19
273 421 32
685 819 4
399 470 35
224 263 4
339 613 25
329 647 31
159 483 42
76 186 43
86 182 42
18 879 49
447 989 46
677 717 24
283 752 41
507 569 39
589 796 28
35 591 32
133 719 5
55 122 46
573 641 42
753 823 49
6 917 11
616 643 13
519 593 18
367 747 31
940 975 42
288 887 41
774 843 17
835 996 21
209 668 2
48 341 35
272 312 49
207 751 1
142 926 43
256 732 30
409 575 7
455 739 4
56 278 24
25 299 23
208 336 1
31 572 40
123 386 15
554 968 31
371 940 31
508 921 27
391 404 5
346 753 27
173 533 44
190 275 22
315 482 37
162 749 16
57 868 12
538 539 8
27 800 7
448 646 49
465 797 6
5 277 44
7 168 47
51 83 10
64 640 34
147 257 35
480 715 47
266 684 44
686 832 32
455 562 49
331 333 1
248 760 13
563 874 2
76 738 14
110 193 33
582 798 22
179 192 36
56 870 50
552 575 24
416 514 8
495 687 11
511 547 46
696 928 8
254 996 10
147 945 46
509 907 4
385 741 15
182 982 6
250 369 29
473 509 29
483 927 17
444 475 45
695 945 20
215 811 23
187 643 27
788 869 35
28 303 21
573 954 23
366 677 29
5 851 43
92 259 13
768 840 48
177 289 31
276 511 27
104 387 19
12 219 31
532 563 28
185 867 8
85 949 18
841 889 36
209 480 17
713 715 24
278 385 20
394 438 5
314 724 35
14 378 44
136 446 22
240 963 2
650 809 48
78 775 31
265 857 29
806 983 5
219 676 6
360 532 36
383 458 30
390 863 38
183 306 50
152 281 27
601 876 38
669 896 24
502 659 7
302 762 37
276 907 30
274 315 7
93 671 22
63 432 40
308 528 48
166 382 31
627 743 11
428 588 37
4 216 32
279 648 23
110 493 37
322 536 10
328 519 20
27 845 36
79 692 23
68 71 48
304 959 5
101 905 20
208 504 11
686 782 28
113 739 30
49 78 50
500 566 2
266 976 34
321 800 36
342 751 1
78 927 49
881 909 24
727 774 7
604 607 20
249 605 15
840 846 34
676 896 48
199 638 28
70 461 47
253 591 32
205 533 28
33 739 20
437 600 26
59 461 5
166 435 38
89 628 8
288 666 34
562 642 7
84 862 31
508 985 22
498 790 48
443 875 3
25 266 45
348 907 25
239 251 32
94 396 37
178 839 41
588 736 36
583 810 11
256 570 23
23 728 30
554 592 49
374 972 42
553 968 44
1 567 44
389 820 47
347 865 18
549 947 36
363 929 50
118 353 18
322 401 1
522 827 14
249 562 9
85 951 32
277 896 6
799 879 6
10 240 40
280 800 26
601 794 25
296 812 28
364 424 46
130 149 35
777 933 14
396 874 27
76 197 1
34 864 29
74 563 40
116 534 11
720 991 13
420 472 33
175 601 13
132 965 21
497 588 46
17 585 18
840 844 37
52 526 44
322 385 9
57 350 6
367 835 36
290 554 36
28 423 13
2 171 34
471 624 2
198 451 9
246 478 3
156 349 35
694 764 37
353 650 29
310 786 17
549 830 27
190 393 27
454 696 27
303 446 39
210 541 15
1 176 7
560 572 2
297 568 36
318 426 34
211 974 27
322 901 47
704 986 20
458 731 27
190 963 39
18 239 14
510 519 7
365 666 33
76 281 7
146 928 35
552 859 21
169 435 18
255 915 21
61 638 17
384 765 18
131 376 23
897 946 11
40 779 29
696 876 4
683 779 9
72 288 48
358 649 39
261 823 20
429 444 3
129 489 28
883 996 8
557 632 34
377 967 3
387 895 6
156 189 39
502 781 29
287 823 42
186 356 30
482 750 50
192 330 8
189 869 3
5 298 7
236 909 47
249 830 17
595 678 14
57 472 19
273 628 23
604 848 46
170 964 36
183 347 13
281 411 45
33 525 21
613 664 1
343 576 32
59 287 26
429 987 10
148 629 34
153 394 47
80 486 17
684 745 9
80 693 12
435 978 13
402 680 8
342 992 49
341 845 47
561 632 10
145 219 2
173 590 43
251 491 13
90 260 25
340 438 21
459 550 31
101 614 29
76 514 49
375 727 16
244 495 15
121 193 47
255 765 36
18 94 46
103 864 23
135 383 36
143 383 27
578 985 31
33 35 28
32 95 14
451 687 34
650 790 46
40 637 3
408 795 39
219 814 49
359 977 30
343 670 41
250 772 46
589 901 19
160 212 22
117 508 11
43 56 47
576 770 35
861 937 32
190 296 2
193 472 15
349 434 43
622 834 28
584 688 34
65 924 50
578 582 9
751 854 38
240 656 43
85 590 33
93 412 16
153 334 36
293 606 48
633 695 33
226 270 47
420 669 13
205 400 40
5 261 40
70 486 16
540 614 38
161 251 9
818 980 3
57 80 30
224 366 46
162 421 36
344 696 1
574 775 49
592 903 24
488 647 33
666 677 28
426 676 44
351 946 39
291 925 2
602 691 13
307 703 22
431 876 37
27 966 15
308 985 1
377 598 49
151 745 2
446 617 12
226 496 8
572 850 10
234 537 38
80 117 45
62 663 47
103 556 23
488 639 8
418 498 20
421 967 49
672 783 24
302 519 5
184 659 45
164 640 46
883 888 16
536 820 31
76 264 22
242 376 39
310 671 42
62 760 28
592 922 10
389 599 25
487 844 7
50 910 19
946 982 37
321 767 31
351 970 11
206 364 15
203 709 42
186 751 27
288 745 9
378 469 43
633 646 13
501 683 11
402 956 46
578 908 44
309 335 27
214 904 45
98 123 43
623 930 12
851 999 3
266 569 42
465 712 1
161 992 19
192 882 37
504 979 44
127 634 36
695 986 40
60 347 39
268 389 9
376 661 27
225 631 48
133 291 47
749 821 24
264 629 1
65 941 26
10 209 21
450 495 16
38 267 47
89 454 13
236 331 40
135 983 24
263 481 35
159 876 31
680 723 47
750 888 14
297 549 18
58 472 45
193 873 35
351 578 22
481 545 36
195 591 47
194 348 36
342 363 6
98 151 6
105 579 20
324 812 36
401 548 11
114 261 4
155 521 15
50 369 16
387 715 8
723 948 32
319 338 37
284 480 17
508 850 31
547 712 47
265 684 5
636 817 14
322 752 47
25 664 9
532 543 15
186 477 50
772 967 44
387 723 27
467 916 6
60 100 34
26 98 41
250 285 19
245 345 35
242 852 28
645 881 34
453 938 7
136 600 40
688 776 17
912 989 36
263 843 43
754 907 19
552 644 25
232 312 22
947 956 10
262 878 20
84 999 10
273 493 42
365 442 9
106 205 25
723 845 33
79 400 22
203 762 28
384 684 12
203 967 47
651 681 13
98 805 16
330 538 6
522 632 28
53 904 21
442 781 49
178 421 15
594 682 18
616 888 22
19 480 1
9 743 20
444 773 11
815 870 40
420 513 22
172 533 39
408 691 11
629 749 16
257 776 7
83 936 4
446 620 37
130 728 17
182 598 49
252 958 5
539 958 16
732 862 35
680 880 43
309 623 32
198 413 8
29 446 11
330 385 16
17 555 48
44 526 4
321 832 2
17 57 47
450 709 42
807 828 4
45 358 5
301 508 18
62 202 40
270 767 49
110 878 31
781 857 20
626 827 41
422 682 2
225 745 45
959 980 40
346 947 18
639 716 10
529 551 27
728 781 26
67 619 36
409 701 36
619 693 17
152 637 31
796 952 10
57 545 49
24 206 40
27 256 41
121 525 38
480 930 23
641 863 14
104 689 11
95 587 26
63 367 38
113 791 12
94 811 35
278 784 33
1 427 3
353 882 36
162 655 36
198 281 24
678 722 6
184 585 46
26 867 37
288 657 26
167 529 10
282 853 50
400 559 11
699 707 28
634 924 15
344 500 6
113 411 14
810 988 38
762 922 18
561 981 5
821 920 13
235 265 35
82 382 7
129 701 9
640 969 8
16 631 12
113 301 25
636 701 36
180 683 7
4 214 49
92 879 50
40 708 2
116 857 33
501 993 21
22 661 26
687 779 34
716 896 10
569 824 29
784 879 2
872 973 13
669 904 22
275 972 40
850 908 26
843 899 34
709 777 18
593 674 28
272 652 3
53 410 8
444 768 45
583 793 31
65 619 24
649 767 26
48 367 12
173 466 37
274 438 38
43 998 31
12 229 4
543 709 28
396 449 39
23 778 31
278 473 47
319 702 6
424 851 23
203 928 29
610 760 13
617 935 12
372 600 8
4 362 17
166 835 39
80 234 26
248 993 42
31 528 16
561 802 25
452 591 29
252 998 1
75 425 19
362 479 46
415 987 9
51 782 6
56 309 46
217 335 21
193 869 2
108 519 43
830 945 49
290 354 21
263 798 2
381 571 45
580 652 15
251 869 3
40 116 14
148 813 35
439 522 1
1 195 42
546 897 11
536 968 16
426 469 45
56 236 38
4 110 45
447 556 5
558 692 9
446 829 14
97 764 5
18 325 13
129 181 20
356 862 5
730 758 44
914 993 21
46 71 33
210 959 50
138 475 45
93 302 21
257 632 33
625 961 15
135 878 25
147 810 50
164 445 42
876 973 42
421 797 41
115 532 28
399 684 28
337 892 12
64 795 42
248 974 43
158 949 47
270 662 47
418 869 14
77 599 29
661 668 42
847 960 28
87 709 22
250 612 3
225 752 31
387 563 38
801 921 22
187 990 16
45 695 35
45 698 10
101 656 15
717 747 39
16 793 48
276 640 9
634 729 22
386 417 49
800 859 28
