200 5000
1 177
2 1592
3 1061
4 770
5 52
6 59
7 667
8 1144
9 1497
10 1487
11 797
12 1648
13 269
14 1586
15 1398
16 323
17 1577
18 1817
19 1642
20 919
21 1410
22 85
23 1445
24 1657
25 594
26 961
27 1127
28 1281
29 579
30 1111
31 1662
32 267
33 887
34 673
35 1692
36 1751
37 674
38 352
39 156
40 1199
41 1789
42 1333
43 926
44 639
45 816
46 1135
47 340
48 805
49 1635
50 113
51 114
52 440
53 1793
54 390
55 563
56 384
57 719
58 540
59 1632
60 1724
61 1541
62 118
63 211
64 1637
65 351
66 66
67 1241
68 1357
69 131
70 372
71 390
72 439
73 1538
74 1837
75 1299
76 672
77 775
78 1794
79 836
80 1154
81 533
82 89
83 70
84 1364
85 295
86 1468
87 1404
88 195
89 1271
90 653
91 1731
92 1060
93 1433
94 1305
95 41
96 1108
97 112
98 487
99 1159
100 1679
101 1725
102 1034
103 1756
104 664
105 444
106 1392
107 1178
108 397
109 1669
110 912
111 500
112 1123
113 1586
114 934
115 46
116 1116
117 92
118 1240
119 825
120 1116
121 1488
122 795
123 1414
124 244
125 606
126 929
127 920
128 916
129 1647
130 706
131 813
132 748
133 1374
134 1546
135 790
136 107
137 1613
138 1479
139 1224
140 1442
141 343
142 465
143 449
144 1158
145 299
146 47
147 121
148 1690
149 329
150 557
151 1315
152 1459
153 462
154 1765
155 1814
156 1435
157 1635
158 219
159 1283
160 1286
161 169
162 846
163 6
164 1457
165 1312
166 1086
167 1534
168 689
169 1579
170 201
171 1065
172 1249
173 1644
174 690
175 1140
176 1637
177 341
178 214
179 1107
180 1417
181 1432
182 1486
183 935
184 924
185 1395
186 1361
187 236
188 121
189 1621
190 1222
191 1447
192 744
193 434
194 430
195 53
196 1445
197 881
198 1123
199 108
200 498
30 134 22
2 68 3
153 186 46
159 181 43
62 166 20
33 150 8
60 155 14
7 166 50
90 123 14
106 113 22
34 38 32
168 179 21
30 148 47
74 157 2
82 107 20
147 193 5
5 167 20
161 179 12
59 114 23
129 135 47
2 124 23
54 68 21
53 102 50
1 66 18
157 178 22
76 128 11
1 163 14
36 176 11
49 149 30
76 142 5
21 140 1
80 100 8
133 146 47
93 99 17
11 50 49
136 168 36
168 185 45
80 156 24
45 172 21
56 91 23
148 186 24
188 199 41
8 125 36
172 194 27
8 117 49
13 71 43
25 179 3
100 176 25
33 39 34
117 167 48
15 93 15
14 191 48
72 169 34
78 166 28
58 167 50
117 126 4
54 112 48
8 121 42
19 154 41
87 107 9
19 134 22
32 170 46
60 189 39
122 131 24
4 155 10
44 195 17
62 121 15
23 177 40
106 195 45
21 138 18
92 160 28
69 130 20
98 170 42
112 125 3
25 77 18
59 68 36
18 87 17
43 193 24
6 58 46
24 138 41
54 194 24
115 158 46
91 154 42
89 96 18
54 98 45
60 156 35
148 188 50
32 66 34
14 121 33
21 74 25
17 160 43
44 60 10
53 192 4
18 147 12
137 165 27
7 135 21
11 104 18
75 191 30
20 145 6
12 126 36
12 188 8
164 172 13
20 182 31
104 115 10
108 196 7
97 168 39
21 164 28
3 82 48
40 166 38
24 191 26
73 153 36
62 180 8
130 175 37
28 146 19
54 85 37
75 128 45
109 179 32
130 172 14
74 197 16
95 143 41
3 55 6
48 112 20
10 150 32
30 139 21
31 94 4
190 198 2
194 198 38
60 132 50
62 77 39
62 86 16
193 197 4
122 170 26
7 155 26
126 140 34
177 186 25
112 139 36
47 177 24
37 142 3
9 14 31
48 195 50
28 163 13
115 165 47
43 91 38
70 197 15
171 176 39
174 194 39
10 51 28
65 81 35
95 101 8
65 122 17
46 100 23
147 152 17
11 79 14
43 200 12
98 161 49
24 162 18
172 178 20
83 147 1
88 142 49
173 198 16
174 191 36
104 105 15
127 166 16
69 189 24
72 195 13
67 82 21
75 98 21
29 178 30
57 62 1
117 160 47
18 44 15
84 191 42
76 131 36
121 172 2
60 139 13
97 192 13
54 129 24
185 193 35
118 122 19
58 148 45
95 155 29
17 185 8
90 122 28
68 95 25
28 134 44
4 135 38
1 63 3
5 110 5
65 108 38
121 184 14
61 97 3
107 112 30
12 153 11
45 138 14
87 186 40
133 156 18
25 130 7
123 172 27
27 147 24
41 130 22
66 193 38
166 175 34
75 126 17
38 117 32
124 189 42
9 104 43
21 64 5
137 162 48
166 184 42
25 189 50
158 175 21
113 199 21
181 189 15
65 74 22
162 172 14
79 145 13
24 181 23
30 160 1
24 185 1
41 156 38
7 114 12
107 189 14
83 95 16
52 63 45
18 71 32
12 51 26
9 155 41
89 94 36
50 90 46
1 125 5
88 110 32
5 119 44
56 99 20
105 125 9
130 173 15
7 116 36
29 167 2
41 174 10
174 179 1
38 120 35
151 152 43
44 149 42
43 53 7
56 159 4
9 136 9
52 191 5
109 132 26
137 194 50
52 116 3
168 186 25
15 152 9
37 90 47
108 143 32
51 122 3
66 186 47
152 187 4
70 87 11
23 93 8
52 172 36
42 158 7
63 108 1
43 199 2
103 144 41
99 184 40
93 164 27
50 54 25
5 89 48
125 136 50
56 135 1
117 186 35
33 190 40
20 71 23
39 132 19
51 103 20
45 67 27
135 155 13
80 160 40
118 142 14
19 29 15
8 94 1
45 62 31
29 99 21
100 108 38
146 166 17
142 199 9
29 133 50
56 120 17
22 77 38
63 134 15
49 154 49
41 116 24
1 67 41
118 176 36
26 122 45
38 72 10
2 121 42
10 131 40
191 194 34
44 83 19
93 193 48
127 143 23
42 117 44
6 183 10
41 126 13
74 163 15
146 180 22
159 182 25
27 197 10
99 169 1
91 133 31
99 137 7
18 115 36
13 52 11
15 198 19
116 126 26
30 187 43
52 112 22
63 169 42
85 113 43
21 116 47
98 99 24
50 157 40
88 163 35
164 194 10
5 57 19
21 43 2
5 37 35
76 114 37
145 149 38
126 175 10
66 82 20
24 45 35
114 192 29
36 197 22
66 114 4
34 57 10
67 190 6
89 191 23
36 93 50
65 96 39
95 189 29
62 143 35
77 123 22
80 163 23
169 186 11
154 167 18
131 141 12
41 94 16
114 169 8
75 88 30
46 116 9
87 185 44
66 85 45
70 77 45
159 167 49
80 164 23
41 87 11
85 109 11
21 52 19
108 152 15
8 43 37
46 175 9
83 170 3
3 37 49
150 189 29
145 173 38
98 166 29
64 185 44
101 165 39
62 64 40
137 170 4
15 125 23
64 116 17
112 140 13
9 135 26
58 169 49
35 172 39
121 150 42
69 105 18
49 92 45
55 133 19
126 179 6
19 181 4
4 30 23
92 191 17
71 136 13
38 111 6
159 179 39
177 185 46
147 155 13
96 161 5
29 58 49
38 133 29
55 168 35
26 77 28
1 113 4
104 145 25
114 140 35
27 103 40
85 194 22
138 140 3
39 118 50
125 174 1
68 81 19
42 145 37
30 99 37
8 113 17
32 52 34
49 190 22
35 163 1
75 140 40
145 161 19
33 60 33
15 140 9
10 190 17
108 154 27
9 58 12
158 191 27
23 148 41
71 146 21
162 169 9
54 65 15
16 200 12
82 191 41
45 72 48
49 85 10
48 164 46
132 142 3
31 127 17
45 53 47
11 80 12
58 198 48
142 192 28
2 22 38
58 189 20
108 169 25
25 54 6
149 164 36
64 67 12
120 178 6
42 95 17
64 166 29
70 94 13
85 106 41
74 116 25
50 125 9
28 34 8
1 41 24
42 163 39
103 192 46
115 170 28
41 74 34
114 123 40
95 187 3
41 173 23
59 91 14
20 177 4
66 167 39
21 79 22
29 112 33
67 164 50
125 127 23
29 50 48
140 148 40
6 27 31
118 145 20
77 119 9
54 97 16
150 170 20
177 180 15
33 194 6
75 81 4
100 166 21
81 198 46
32 172 43
28 44 50
59 113 9
48 183 12
149 155 12
126 154 38
39 86 6
118 174 22
41 59 14
51 68 14
3 127 28
33 138 31
14 49 26
36 76 28
99 134 44
96 174 5
42 134 50
56 123 12
24 50 39
31 43 49
69 158 15
52 113 8
23 60 39
88 91 25
41 192 3
49 151 1
8 142 24
167 173 5
23 113 1
80 134 38
53 126 46
109 160 40
43 99 36
10 36 29
10 93 3
47 143 4
30 77 27
35 142 3
121 189 3
146 193 37
78 199 47
153 155 48
13 58 36
34 35 30
31 61 42
85 102 19
35 98 21
20 135 9
107 175 34
48 187 5
146 155 48
110 200 4
22 194 6
144 161 21
23 130 38
66 166 8
11 165 32
3 189 47
101 197 50
47 154 50
49 73 7
106 200 2
12 159 1
125 186 37
28 64 39
37 113 6
24 48 20
82 126 47
4 20 13
60 136 8
67 158 33
85 134 42
79 165 42
62 131 24
6 187 5
90 139 11
89 124 39
67 139 42
152 162 13
106 174 20
59 96 39
32 58 39
39 103 46
52 97 18
119 127 47
64 198 33
64 65 10
8 163 44
45 65 23
2 28 37
32 44 34
101 174 36
28 136 11
8 55 14
138 174 20
16 51 49
31 124 4
99 171 18
126 165 23
121 152 41
127 131 23
25 197 8
67 126 4
13 189 18
77 86 15
28 57 13
120 187 25
76 178 22
85 116 44
26 126 26
23 170 44
26 193 29
112 161 8
51 82 5
20 119 8
4 88 38
113 176 7
3 70 47
153 161 3
99 190 40
20 132 9
32 185 4
78 97 18
14 153 8
87 111 46
13 199 49
27 53 46
36 60 17
67 75 23
54 160 17
39 195 44
30 177 41
174 182 34
29 80 22
15 185 23
17 63 29
141 146 5
133 145 26
95 146 10
70 134 18
92 132 18
57 172 10
82 147 31
23 136 25
28 196 8
84 178 36
115 198 50
15 82 33
37 149 33
91 144 18
47 169 5
99 180 22
6 48 27
39 194 37
94 125 44
179 196 35
109 166 21
47 125 3
31 194 18
56 95 14
18 113 33
114 181 47
22 197 9
99 100 32
39 40 23
42 190 46
92 111 12
8 9 9
39 162 40
66 141 46
107 147 15
101 106 17
88 159 9
89 120 25
19 111 49
154 173 32
53 116 10
130 155 25
35 52 14
52 200 10
44 79 49
121 127 42
62 152 50
94 122 21
137 164 7
12 170 27
10 47 13
136 191 32
60 198 12
109 129 32
87 184 13
75 190 24
5 140 11
67 137 41
56 157 36
79 99 27
42 197 12
54 96 50
96 128 29
46 78 33
142 173 18
151 199 34
16 79 48
27 110 5
15 157 15
51 112 21
38 97 9
75 172 22
27 189 37
11 194 50
125 156 18
19 178 24
46 84 47
2 136 45
4 165 27
60 70 32
51 173 50
86 122 46
101 121 32
32 186 28
165 180 49
41 180 19
42 128 10
40 115 14
5 121 50
63 78 13
41 115 34
38 171 29
27 126 7
92 109 5
108 147 19
158 193 6
125 195 26
21 88 36
67 182 42
8 143 39
144 145 11
56 107 14
100 149 1
112 159 14
150 190 3
79 95 6
55 127 32
120 176 18
70 194 39
29 122 4
84 190 21
91 115 45
20 174 49
162 183 18
70 191 19
110 121 34
106 115 45
82 87 44
89 142 34
71 200 6
10 65 38
105 184 44
32 78 36
43 155 36
102 180 24
8 62 42
110 142 35
147 182 35
173 199 25
86 198 14
5 124 5
103 146 36
56 144 40
31 114 26
37 172 8
42 193 49
64 96 2
25 52 11
131 184 25
26 114 25
64 136 42
34 188 15
152 184 12
69 93 19
4 66 21
112 147 7
31 148 38
8 91 9
12 114 49
49 110 16
11 186 18
66 153 18
115 193 31
104 179 5
7 123 9
153 181 19
172 186 33
86 173 26
37 127 33
74 95 32
63 64 20
58 127 12
87 191 46
54 71 24
1 34 44
40 50 50
64 146 35
134 137 10
83 195 41
52 66 41
12 136 14
40 191 23
142 175 45
76 79 50
9 193 13
74 99 49
17 98 40
5 132 36
96 132 24
118 198 8
38 200 26
17 90 2
6 154 33
98 167 4
46 191 8
123 148 26
74 76 16
100 185 17
27 38 46
17 195 26
86 94 32
49 150 24
163 186 43
32 175 20
23 112 28
123 132 41
174 193 17
34 145 8
109 152 46
14 60 44
56 71 23
44 157 41
42 52 49
105 173 34
82 106 37
45 171 31
73 156 12
104 131 15
4 191 39
76 188 49
104 198 8
37 112 48
87 100 48
50 123 19
32 131 45
93 132 13
136 185 48
40 179 19
81 172 33
3 135 50
158 160 35
6 181 17
145 172 45
4 37 34
41 165 18
59 62 43
51 95 10
127 137 43
58 74 47
34 154 10
30 37 8
113 142 8
128 158 10
71 173 49
112 185 3
13 155 25
142 170 46
52 169 36
35 177 13
30 174 47
95 181 15
25 35 2
9 95 13
65 128 13
190 200 43
101 193 19
17 34 46
37 162 24
93 144 25
38 68 43
35 126 6
74 172 22
42 62 20
22 93 15
21 91 38
30 152 31
127 162 11
9 40 34
89 92 35
2 72 48
57 105 29
24 47 32
139 143 48
61 181 38
11 62 38
179 195 24
112 189 15
111 171 22
51 114 33
97 151 14
96 180 44
2 30 21
104 191 38
139 200 14
31 157 3
61 130 2
47 157 7
85 197 9
16 171 38
158 166 38
102 197 35
44 93 48
40 127 2
22 162 11
68 92 40
13 97 33
172 188 5
102 114 33
147 150 26
111 154 6
45 94 32
133 193 2
70 138 31
103 127 20
129 140 4
158 188 2
20 122 2
49 165 48
15 67 22
150 199 34
138 185 42
30 161 48
11 149 38
78 82 1
6 13 47
58 98 38
100 134 12
98 121 28
111 182 32
147 154 18
110 196 26
41 127 26
106 177 29
48 118 8
115 180 27
113 169 46
12 101 22
52 199 40
10 35 22
65 161 7
142 177 4
94 98 43
13 115 33
12 127 33
17 81 1
33 115 30
80 119 8
124 154 38
26 44 2
54 141 21
10 104 13
112 143 24
82 192 20
54 143 50
38 82 39
8 110 3
116 166 31
85 181 46
75 103 33
72 172 24
66 152 49
40 122 37
126 177 9
133 136 6
3 76 29
98 168 29
14 184 49
170 171 3
97 108 44
134 196 29
101 164 43
40 63 18
173 187 34
31 128 46
135 142 18
5 99 31
125 177 21
118 156 43
79 153 9
49 179 31
6 28 9
132 188 26
51 121 39
68 172 5
86 115 33
169 196 23
69 200 17
21 167 20
14 163 44
117 163 36
13 70 9
43 56 34
48 72 3
120 125 10
2 170 17
17 33 5
99 101 32
32 92 48
69 71 40
26 69 10
7 156 39
48 154 20
53 160 46
103 158 31
26 188 13
56 85 19
117 127 38
184 196 25
79 127 7
17 104 33
75 170 26
3 140 13
90 136 18
6 170 17
128 156 22
164 167 41
144 168 14
114 117 22
69 190 29
45 181 7
43 65 46
33 133 4
65 95 5
38 173 32
48 107 22
86 116 11
1 135 19
28 126 4
76 154 11
106 119 6
104 118 16
165 192 13
172 196 9
36 40 29
89 110 36
5 94 42
27 114 22
96 156 47
30 119 49
4 163 16
89 159 44
39 87 3
35 194 15
48 97 28
38 179 17
2 191 35
53 170 26
107 171 5
74 158 18
79 175 48
100 195 20
50 55 15
189 200 43
110 144 39
3 13 26
4 186 6
77 174 20
117 176 16
75 95 4
15 23 47
29 189 40
46 74 34
22 24 47
78 194 8
56 121 5
36 161 36
88 195 50
133 199 32
15 75 24
101 146 15
105 180 37
139 186 44
120 153 2
105 130 50
75 93 26
32 190 42
82 197 43
143 183 29
31 45 4
14 47 38
158 187 20
5 198 37
73 132 7
15 81 24
182 192 46
19 31 30
92 182 17
35 84 23
3 121 42
104 121 50
45 166 12
52 118 32
27 130 50
150 184 30
4 65 15
7 115 13
116 165 36
21 66 18
86 141 20
130 149 25
55 130 16
58 165 29
88 150 26
16 131 38
103 121 9
17 91 9
24 132 46
40 113 25
154 171 8
80 84 43
75 82 39
91 143 28
11 198 10
85 191 5
120 172 50
140 187 12
6 158 8
64 134 48
12 137 12
2 153 43
174 180 2
155 167 33
11 121 25
37 54 16
23 90 25
41 166 3
47 80 11
54 145 45
95 117 42
75 130 8
112 198 45
35 188 15
20 192 12
117 199 14
83 130 11
166 191 7
19 139 35
15 173 46
10 68 28
8 109 36
8 28 42
14 144 25
12 199 48
133 196 8
3 52 28
73 183 16
58 166 9
45 137 4
99 124 34
62 97 24
87 141 22
5 7 39
114 148 35
33 197 40
19 42 3
133 159 23
29 125 23
22 58 44
101 141 50
8 192 38
69 176 22
114 168 43
138 156 43
7 151 2
1 93 23
13 18 27
45 76 17
46 114 14
80 186 49
93 191 37
188 193 29
109 133 23
31 50 11
6 68 36
12 47 41
127 156 37
101 108 10
17 110 14
25 28 47
120 192 31
37 198 8
70 162 16
81 110 2
160 177 38
5 26 19
81 153 36
109 153 16
97 169 1
85 192 23
99 161 34
111 189 12
12 115 50
4 50 49
106 139 44
60 116 20
135 169 19
15 74 32
111 125 8
95 180 4
135 195 42
2 46 5
46 195 3
113 200 2
30 87 20
103 120 20
102 103 8
134 189 40
8 92 15
10 197 7
119 185 47
55 85 31
23 199 40
32 64 15
64 161 43
10 78 9
18 142 4
48 150 41
11 144 21
106 146 30
29 163 49
31 171 18
10 199 21
22 61 36
84 158 35
5 50 16
27 165 44
123 195 2
108 188 21
77 150 36
117 180 23
115 195 15
41 131 2
155 183 18
153 196 4
94 142 34
122 164 22
45 80 44
63 112 36
92 176 21
131 136 50
10 188 32
118 200 39
180 197 48
21 115 39
134 165 22
95 156 6
17 27 48
72 102 9
115 145 18
17 72 17
52 75 24
4 139 47
83 166 31
78 85 38
52 104 25
68 157 46
136 150 25
190 192 8
48 120 41
6 31 1
2 17 28
152 197 15
26 133 45
57 111 36
86 110 2
115 161 19
36 105 1
51 149 50
42 179 3
110 168 8
148 196 22
116 147 37
122 189 33
94 128 36
36 72 1
54 153 6
152 175 23
155 199 23
51 196 46
1 6 19
48 109 33
71 153 43
157 177 30
44 148 37
10 75 26
4 62 50
98 184 37
73 150 45
14 112 18
8 63 44
4 160 40
55 60 2
45 193 9
40 54 30
88 160 20
72 109 48
62 84 11
63 65 14
3 152 39
119 174 5
89 118 11
96 131 26
53 101 19
109 116 10
69 126 30
17 25 34
72 145 29
67 167 22
110 114 2
1 164 23
1 15 2
92 120 15
106 196 33
110 123 5
72 82 6
77 127 37
56 88 24
2 7 14
70 79 17
17 189 14
102 170 4
164 186 46
55 195 44
15 117 17
65 160 22
6 148 20
11 99 2
14 118 5
121 174 34
20 79 24
78 107 46
148 194 11
45 124 25
19 148 7
105 164 16
22 190 21
19 23 14
14 131 21
32 140 4
35 37 25
2 129 32
142 150 47
36 64 7
39 89 28
36 182 24
138 161 3
154 187 28
11 69 18
145 165 21
50 131 19
26 97 43
96 173 11
119 169 4
50 128 15
17 123 42
99 200 9
21 53 28
61 93 23
85 152 48
157 180 14
63 128 47
76 141 11
23 141 46
9 149 14
18 80 10
33 102 32
68 184 11
76 194 16
101 157 3
186 189 20
7 36 39
90 181 21
109 130 23
19 182 12
49 132 13
89 183 21
15 151 46
125 126 11
77 78 18
12 81 45
94 148 48
2 86 37
5 16 8
20 101 9
148 176 28
100 170 29
104 200 25
83 112 36
141 145 42
73 136 41
30 157 37
150 168 13
54 138 36
52 55 25
14 75 32
118 148 40
25 132 12
79 149 43
97 127 8
49 87 7
85 125 38
142 200 40
104 163 6
12 122 45
10 136 23
22 195 3
44 140 47
127 179 6
79 88 47
123 159 48
11 118 4
122 191 36
67 71 40
30 140 9
95 132 29
105 137 49
149 176 6
137 146 5
157 187 29
31 67 25
5 92 26
29 172 46
86 130 44
28 95 42
116 161 42
8 181 11
120 190 3
1 127 23
31 169 48
16 184 49
31 152 27
79 186 7
27 128 20
18 58 21
48 94 47
17 36 29
28 197 10
62 145 50
155 200 1
192 195 24
65 118 44
68 152 2
72 136 9
25 66 38
44 190 12
111 200 14
21 57 23
135 183 36
6 65 8
29 52 39
35 155 50
14 109 45
96 185 43
1 77 22
153 171 13
12 189 49
66 137 31
87 129 2
56 69 40
87 174 50
80 121 1
43 132 14
18 28 12
9 128 41
54 101 16
138 198 45
56 84 41
170 177 34
73 105 3
49 69 39
135 140 7
71 181 23
149 178 29
111 193 14
142 193 5
24 135 10
34 75 16
100 121 33
14 90 18
141 195 35
22 95 27
33 121 15
117 149 40
174 197 48
38 180 4
23 133 3
16 172 22
28 41 48
68 164 19
35 39 44
5 145 44
57 61 21
65 195 8
131 151 25
85 167 50
20 115 18
84 148 11
112 199 18
26 83 38
45 86 45
99 118 7
85 121 14
91 194 19
4 134 23
53 117 7
154 190 43
61 189 13
89 129 50
63 148 26
16 126 18
41 143 27
63 129 24
173 176 27
15 92 5
103 187 7
17 74 20
113 187 7
149 197 24
28 138 40
79 137 43
24 113 6
3 68 37
99 149 39
62 172 45
1 87 9
3 65 5
17 129 43
4 114 17
59 93 46
109 147 2
121 134 1
5 148 14
135 138 26
56 175 48
101 170 48
101 131 16
17 154 29
2 21 22
22 89 20
61 103 30
21 95 26
28 101 8
9 129 28
11 191 49
134 200 28
103 116 25
69 111 13
53 183 21
89 143 36
1 140 14
127 160 17
88 182 5
38 130 6
14 25 13
154 162 15
186 188 31
144 157 34
10 102 11
25 182 32
50 127 24
1 186 1
113 194 17
138 170 36
12 124 22
13 159 12
53 156 32
5 193 20
177 189 23
29 73 24
136 177 33
161 175 32
60 194 19
42 200 31
60 176 48
33 174 23
22 155 16
160 165 18
62 130 4
163 172 36
59 197 17
40 76 20
36 78 42
86 162 5
112 135 24
88 191 11
179 187 20
7 154 35
117 159 49
91 105 22
67 85 5
37 77 13
129 164 30
15 63 31
33 110 36
46 110 19
127 164 38
32 77 42
82 181 40
31 73 15
5 187 32
79 129 42
108 127 20
53 176 12
26 195 33
32 144 6
116 164 24
30 76 34
36 175 22
182 196 23
87 128 49
6 75 22
39 172 14
153 189 43
42 45 35
90 97 20
3 168 46
63 171 38
81 143 18
176 189 23
86 158 5
14 44 42
13 144 19
44 170 13
76 120 21
43 188 42
12 104 41
68 160 40
109 123 30
4 80 29
10 61 5
45 130 31
132 175 42
37 144 46
124 136 42
90 166 23
121 126 24
130 132 36
100 158 47
76 159 9
130 148 9
30 153 39
36 120 18
6 182 18
47 174 29
117 148 1
4 99 48
144 190 23
50 60 18
95 176 40
24 80 3
89 97 23
44 58 28
10 191 33
83 150 29
19 78 27
72 185 12
84 109 45
133 148 16
31 153 27
119 196 26
133 175 28
103 189 3
20 85 25
21 107 32
53 104 40
32 99 36
50 86 48
32 45 27
19 76 33
175 191 47
38 189 15
113 130 46
105 132 25
59 78 9
86 166 16
46 161 26
165 166 33
82 162 2
48 159 29
147 189 17
55 108 49
64 127 27
44 59 30
31 162 18
110 141 42
70 144 14
77 88 33
150 185 26
65 165 49
181 197 40
136 149 5
103 182 1
95 184 1
3 6 22
138 144 1
156 195 17
56 147 14
125 187 49
22 27 17
38 65 32
13 25 13
115 188 11
2 134 17
4 7 26
8 107 2
135 162 36
48 168 13
91 170 47
171 182 1
13 140 36
147 175 6
160 199 26
38 124 6
52 91 35
65 117 17
63 122 7
48 122 5
76 86 43
15 182 27
108 200 24
62 193 2
149 162 13
29 107 26
175 199 10
44 90 40
7 139 12
59 95 50
51 128 38
8 140 35
17 80 27
61 143 1
173 175 5
91 141 34
92 127 15
14 141 22
132 143 42
111 165 6
54 114 6
80 162 18
54 164 27
95 120 34
6 52 19
135 190 26
4 19 35
7 69 23
146 149 34
36 119 11
21 48 25
62 78 34
2 103 19
111 120 2
12 192 7
136 184 29
126 148 2
48 151 2
81 149 32
22 163 50
27 117 1
29 105 36
52 76 34
41 150 47
61 64 12
102 144 9
77 196 48
76 109 11
33 111 30
20 185 6
159 178 41
85 97 3
28 174 27
19 21 48
107 152 14
95 170 20
6 79 26
68 115 44
34 111 14
57 121 34
90 171 12
157 169 48
50 93 8
17 77 30
93 98 25
6 178 4
31 163 7
178 200 9
7 17 29
24 58 2
42 137 2
14 173 1
85 105 44
15 106 2
56 115 32
121 175 35
19 112 41
46 166 27
42 102 1
60 159 9
38 157 42
106 161 22
117 128 26
15 100 14
118 177 22
3 167 1
101 200 40
104 183 46
22 68 19
56 81 50
34 52 29
11 148 34
51 113 7
54 104 24
111 168 21
15 176 37
33 152 22
42 181 49
111 163 6
193 200 29
70 147 20
161 170 6
102 156 6
165 185 45
76 168 44
15 19 45
142 162 1
9 119 5
86 114 30
15 175 2
26 98 8
105 110 41
7 98 50
2 131 46
3 166 38
82 195 4
144 147 32
72 181 35
112 166 26
47 179 23
34 54 29
6 69 35
106 125 28
67 98 28
55 124 45
69 145 17
99 156 37
70 184 3
116 170 47
5 95 18
19 80 14
16 44 8
16 198 41
81 127 36
79 125 32
8 66 6
61 98 50
24 105 23
41 197 23
93 116 33
84 180 21
133 168 15
54 142 27
37 61 9
90 108 46
106 187 45
25 112 35
18 160 3
75 104 4
75 91 12
88 151 28
1 170 46
2 83 22
125 151 44
5 67 47
100 122 4
32 181 40
105 166 1
89 177 8
36 177 24
48 108 43
62 189 40
72 137 15
102 182 39
73 127 31
58 137 33
182 189 3
92 167 36
102 142 16
8 141 30
69 125 18
86 99 27
46 121 37
137 193 25
105 193 24
29 182 34
65 70 22
93 176 42
34 139 12
75 184 20
35 71 23
46 193 1
27 93 19
51 137 20
83 152 27
66 98 34
114 144 16
48 99 1
32 148 50
85 104 49
61 62 15
6 135 14
131 135 48
120 140 43
16 30 34
9 178 33
38 141 3
35 180 43
73 74 7
45 100 34
100 152 46
106 121 7
93 118 7
122 125 48
12 46 1
53 161 46
183 191 32
22 137 6
78 192 31
65 143 34
131 169 21
132 190 24
84 104 22
119 132 48
78 159 27
41 85 17
130 161 1
164 193 29
2 32 12
42 194 48
129 151 8
10 39 45
44 110 5
5 141 15
24 167 45
26 143 17
42 84 4
43 164 35
50 172 16
141 161 4
134 166 1
81 190 2
91 134 49
54 168 40
3 74 7
9 114 34
20 143 5
14 138 33
84 169 19
90 149 13
13 145 17
20 84 1
103 113 4
18 116 21
21 147 3
28 112 29
89 164 43
51 125 16
132 135 29
85 188 23
123 157 41
135 148 31
90 102 10
10 161 25
29 102 11
130 136 5
88 167 19
38 50 29
14 95 32
50 158 20
108 142 3
40 103 41
1 36 3
3 21 16
16 37 50
127 189 27
55 65 32
128 189 42
92 94 19
143 144 15
46 85 10
103 185 18
189 190 26
101 172 31
53 162 31
44 172 21
61 196 3
63 175 39
9 151 16
39 65 6
7 88 28
141 182 43
106 110 24
7 97 46
33 196 40
45 161 37
41 175 18
93 143 27
7 175 40
40 198 33
96 105 40
74 187 2
66 124 48
88 190 12
154 169 44
20 57 36
118 186 6
99 176 31
74 131 9
61 121 28
35 156 14
87 140 17
80 183 26
15 26 29
28 78 9
158 161 34
121 191 45
105 154 3
99 154 50
36 83 45
72 177 20
124 156 12
71 73 35
102 123 26
176 177 30
90 133 30
115 142 47
4 141 44
118 127 38
74 182 4
101 137 38
93 150 48
55 62 42
2 38 34
43 115 33
50 168 5
101 184 8
40 60 34
86 139 36
2 162 38
100 169 8
75 166 17
179 189 18
92 168 44
104 184 14
78 128 15
41 48 12
132 169 42
25 183 24
91 193 14
87 116 13
101 124 17
18 20 7
63 86 15
167 168 34
56 75 8
116 188 25
145 197 45
1 45 11
29 37 43
188 190 16
54 124 41
122 138 6
59 190 37
106 155 38
104 127 5
116 200 49
187 191 46
70 165 42
37 143 14
33 47 40
23 132 11
130 168 15
31 85 19
29 95 45
166 180 3
18 131 33
41 129 2
132 174 16
102 125 13
24 173 38
41 64 19
54 76 20
4 174 50
85 171 50
76 119 16
85 200 47
49 157 21
25 198 46
28 149 50
80 90 6
60 102 32
54 89 50
2 80 15
23 194 5
60 158 31
26 119 26
68 100 16
12 163 31
36 118 48
60 160 38
56 65 40
131 179 3
26 103 24
59 171 38
122 195 13
26 62 27
75 198 40
29 118 8
42 189 5
90 116 48
50 101 44
38 165 46
84 140 48
138 197 29
55 101 18
178 186 50
71 119 47
23 134 31
42 148 14
44 128 6
46 130 3
2 118 36
6 179 25
158 171 10
7 59 22
30 128 4
5 135 12
41 148 33
62 109 42
116 171 17
172 174 22
73 140 2
10 144 8
33 113 40
11 31 32
8 53 16
133 186 9
8 97 43
23 46 22
78 149 2
84 94 19
119 120 27
76 82 27
46 72 42
26 194 50
62 136 38
125 171 35
121 156 23
20 102 39
124 134 24
122 184 3
19 91 19
77 114 46
136 169 33
24 194 47
35 149 28
10 16 48
12 108 27
14 180 30
50 109 2
88 120 43
76 84 21
106 184 15
8 175 11
17 100 26
56 77 26
30 168 30
26 175 30
98 186 29
104 126 45
105 199 19
58 199 20
44 96 18
122 193 48
39 158 22
60 96 25
63 153 3
38 108 36
68 151 13
8 157 27
1 2 3
120 188 22
73 139 29
39 43 39
95 114 36
103 131 34
37 120 23
24 121 49
3 58 34
16 178 35
95 123 28
66 122 50
125 188 34
25 160 50
70 81 39
92 166 34
133 172 35
91 109 22
47 144 41
22 105 6
127 180 21
83 122 1
61 136 32
10 73 41
140 174 44
67 153 11
116 139 14
45 50 7
22 54 28
9 137 39
41 146 9
147 192 43
53 115 33
77 147 9
96 142 6
37 76 20
154 189 47
17 192 29
156 163 14
101 180 14
65 137 21
116 128 13
48 191 30
61 150 16
17 172 17
39 133 14
8 112 31
6 80 39
60 147 32
41 151 33
142 196 2
77 139 33
16 167 4
9 177 8
46 106 25
72 153 49
61 73 29
58 196 33
157 179 15
69 174 31
16 177 4
124 132 21
81 97 35
21 36 11
37 158 39
12 118 30
136 199 24
17 162 32
47 128 19
138 162 29
129 197 36
16 86 24
44 138 23
43 197 50
182 200 4
57 143 4
109 182 24
19 75 37
6 70 9
43 192 11
80 128 21
58 70 48
79 185 44
117 172 14
54 57 32
27 60 1
15 156 40
58 179 14
113 180 28
7 39 29
72 86 45
57 157 16
54 77 24
72 149 17
110 132 17
62 74 20
61 154 50
40 189 46
71 176 32
48 50 35
8 23 32
67 156 9
87 121 19
164 168 41
27 99 36
76 164 26
141 180 2
123 163 17
199 200 21
83 113 4
142 160 9
71 106 42
137 166 43
30 106 2
53 142 43
113 119 8
151 165 10
139 177 36
10 90 10
2 143 47
80 140 21
114 129 12
38 66 43
18 139 25
196 198 11
40 85 46
47 190 48
68 147 7
1 196 7
108 144 19
9 175 32
3 123 48
23 43 30
66 97 29
127 161 7
5 149 35
99 159 19
132 141 4
46 53 8
88 123 18
25 113 25
87 171 2
22 131 22
155 172 34
120 197 41
51 64 41
10 148 47
77 131 36
121 166 50
54 140 3
50 115 20
7 82 32
156 160 45
8 59 9
42 107 34
44 123 31
40 171 12
15 112 12
4 147 34
11 21 1
21 93 23
32 142 23
141 168 39
6 196 11
26 128 37
60 115 42
33 58 1
42 98 6
75 174 4
12 49 34
76 152 16
124 155 37
18 112 15
32 81 16
81 98 4
156 172 17
31 51 32
4 5 7
62 76 11
96 194 33
107 109 12
81 158 40
59 136 32
46 66 35
85 180 28
15 30 27
23 142 46
127 165 49
74 89 28
117 198 21
71 142 25
23 115 2
55 132 28
86 140 39
52 121 12
35 86 22
52 72 22
33 87 2
67 81 24
3 9 20
2 119 27
124 186 29
28 199 5
110 118 34
21 30 23
6 93 36
53 61 8
132 134 21
144 169 9
136 170 42
38 139 9
181 184 20
67 96 25
10 182 34
111 153 13
98 114 20
72 96 6
3 26 4
95 131 50
75 157 43
62 71 43
70 105 18
10 195 1
151 170 32
112 134 31
60 193 10
117 135 23
69 109 4
18 191 40
28 167 42
106 147 6
89 152 20
70 179 43
102 127 14
64 95 27
138 149 14
67 68 25
10 192 35
41 152 7
20 35 36
84 189 1
36 80 44
81 181 34
25 67 36
16 109 22
42 47 15
49 192 31
144 149 16
126 183 11
14 53 25
123 164 21
56 108 30
71 166 44
23 69 12
140 141 17
39 73 1
89 178 10
27 196 15
5 66 32
45 184 19
81 94 33
56 134 22
41 144 32
39 183 46
84 160 39
148 181 13
173 194 39
19 150 17
17 66 45
37 146 47
6 155 18
13 143 29
45 70 7
57 198 38
18 100 44
35 150 32
52 126 44
111 127 40
128 142 23
19 194 18
32 90 32
106 120 45
21 99 12
53 135 15
77 160 45
130 196 28
76 101 37
17 51 9
50 106 17
22 100 24
165 171 10
15 40 28
13 20 12
75 83 2
91 174 46
55 112 34
47 131 34
22 85 12
62 168 38
119 183 36
126 168 44
40 129 28
169 199 34
94 200 29
25 70 27
28 97 34
23 78 19
31 186 9
42 116 35
20 83 28
44 55 40
118 123 37
101 122 38
13 100 3
1 14 36
107 140 21
10 130 4
2 109 31
191 199 4
13 120 49
4 58 23
137 182 35
105 176 3
70 73 46
109 127 20
69 167 7
63 189 33
1 88 35
16 137 24
45 48 45
162 165 2
26 135 50
50 153 9
91 149 46
49 200 44
126 137 19
6 175 13
43 156 6
69 157 2
9 85 9
3 15 46
83 121 3
1 174 15
73 119 42
55 88 42
49 54 16
3 80 14
112 144 23
36 169 22
108 165 1
15 118 12
40 148 27
6 35 7
36 152 37
143 158 13
22 97 14
98 165 1
60 164 23
58 116 16
101 109 6
145 198 1
100 191 28
34 125 5
148 190 14
56 117 25
79 196 38
56 83 37
31 46 38
13 72 33
122 177 15
121 199 15
43 158 39
4 196 33
22 171 28
6 134 16
70 190 31
45 109 39
59 102 46
55 180 39
1 185 29
18 105 28
57 100 19
83 119 38
15 107 42
84 93 24
28 156 44
151 194 27
98 146 21
117 182 50
30 104 45
128 181 44
67 83 35
25 174 25
31 145 47
40 66 49
51 198 25
94 136 41
69 198 10
127 186 45
105 134 44
49 141 25
103 110 25
8 124 24
124 181 24
76 103 32
22 170 36
27 174 40
27 199 28
109 121 4
2 11 35
27 143 39
45 157 41
29 142 5
47 142 7
36 137 48
20 117 46
69 100 49
82 124 10
31 112 15
120 169 6
17 37 45
60 86 27
59 83 27
41 186 18
44 145 48
7 120 49
148 197 5
101 114 5
62 135 12
5 86 29
90 101 41
30 49 44
6 57 5
2 24 2
85 182 46
58 139 5
73 121 38
37 159 28
118 179 17
93 97 2
11 199 45
95 97 40
46 65 20
114 167 12
74 87 43
159 173 19
74 140 43
1 50 14
42 88 24
29 168 10
39 52 11
131 152 10
75 176 37
19 83 32
113 118 24
25 194 5
74 102 6
114 199 38
47 140 17
4 183 15
48 194 1
76 122 30
77 104 46
83 189 2
13 177 29
106 157 6
121 147 13
2 3 50
45 110 38
23 184 21
72 144 24
59 70 25
111 133 13
105 131 33
57 101 49
76 185 30
16 143 46
92 197 22
11 72 25
18 67 15
14 87 3
98 106 32
3 39 21
43 85 16
38 148 14
67 199 46
5 158 41
34 176 43
65 79 45
9 63 35
7 33 20
9 116 29
68 111 39
79 119 27
35 139 13
71 162 30
12 54 40
7 160 35
63 110 38
68 174 6
105 143 48
87 178 28
9 133 44
31 116 29
9 20 42
133 142 12
118 141 18
179 180 37
56 196 8
80 144 16
22 147 43
81 91 15
183 195 19
120 159 9
22 73 5
111 131 24
8 179 14
121 125 39
128 144 13
167 183 34
81 159 3
187 189 28
98 147 6
68 188 44
113 133 40
69 124 1
61 147 14
16 128 14
149 151 49
56 92 4
35 51 39
124 198 4
103 190 39
65 71 29
122 147 48
67 91 11
7 102 49
192 199 33
17 95 30
42 101 6
18 150 35
65 153 4
66 129 33
92 139 5
94 166 29
144 177 1
51 73 8
21 182 40
100 141 22
47 86 10
92 93 31
5 69 17
39 155 16
154 165 14
41 62 32
37 66 20
39 193 8
124 184 35
103 137 11
134 152 16
58 126 16
55 191 25
38 127 46
52 70 39
3 153 30
61 71 1
41 163 50
49 142 20
48 174 8
118 162 28
25 82 24
92 149 48
129 181 34
23 151 36
124 177 31
47 146 19
8 187 39
140 197 5
49 80 15
49 105 26
63 191 45
38 90 26
19 79 20
31 76 39
24 59 1
39 112 35
78 104 21
8 99 33
55 171 35
68 122 34
39 159 3
51 88 11
127 187 12
29 184 22
55 77 26
114 124 2
7 128 11
24 137 49
12 200 39
7 159 13
113 120 39
29 75 3
53 100 35
63 79 29
53 71 16
107 110 45
19 62 30
15 143 43
68 134 40
27 180 20
16 27 49
56 129 23
2 53 38
97 163 21
97 143 15
68 178 9
39 80 39
38 134 47
72 73 32
26 101 38
88 156 13
89 100 19
28 82 10
52 165 3
1 9 32
10 29 47
6 128 25
40 160 11
77 175 49
5 178 1
95 171 12
76 115 42
44 165 32
22 111 42
127 139 41
62 155 10
31 123 25
172 200 27
94 165 10
35 55 47
7 11 41
31 64 36
34 187 44
16 69 25
1 74 29
46 90 35
28 161 43
30 92 18
112 119 37
91 164 33
37 168 13
7 76 19
13 44 34
141 157 2
6 127 45
5 157 40
38 110 44
21 154 6
109 128 31
29 106 19
95 126 15
13 123 12
150 174 42
99 131 49
137 163 5
31 151 9
18 152 40
34 118 2
83 159 39
135 175 50
28 189 35
4 42 16
84 99 45
134 158 33
22 71 43
112 181 27
78 100 23
70 180 18
81 104 45
62 93 35
61 99 39
23 59 31
77 132 34
101 118 18
37 194 5
19 109 50
81 147 41
12 86 43
12 166 13
23 54 10
29 49 21
159 175 24
95 168 2
63 66 5
21 173 5
60 187 18
59 146 33
77 120 4
122 137 11
64 179 12
2 78 25
96 145 37
97 166 42
128 171 30
87 93 39
106 156 30
2 59 31
85 153 13
111 130 28
14 114 34
13 104 40
49 193 47
28 106 3
81 84 14
25 102 29
49 90 42
128 155 14
100 180 1
77 173 16
93 147 48
114 130 20
168 189 23
2 167 44
69 155 11
27 85 39
117 169 49
132 181 2
37 140 10
29 190 35
4 71 50
127 174 30
86 131 45
42 97 26
61 183 18
46 128 23
53 163 6
7 104 40
53 167 28
48 188 42
122 141 32
96 111 20
72 85 20
24 178 10
6 53 39
32 162 21
51 199 37
63 111 33
97 181 49
42 129 11
71 145 23
38 150 38
109 143 9
38 48 35
128 140 24
7 167 24
35 113 8
22 135 45
23 185 10
55 156 26
135 144 38
56 139 29
2 18 10
53 175 50
56 166 4
9 118 37
33 145 15
8 15 48
38 98 31
1 12 6
134 149 2
192 198 19
6 23 29
3 28 35
27 145 5
60 64 3
138 180 9
52 168 37
92 123 50
87 151 4
33 124 12
69 99 47
26 61 35
184 197 42
51 106 18
34 131 16
20 158 2
117 120 11
152 194 9
107 182 28
57 116 45
37 97 21
15 174 10
155 164 5
161 190 41
30 111 18
11 65 19
14 66 6
89 175 20
117 188 47
19 56 19
29 132 6
24 110 1
17 136 48
148 179 36
11 182 12
72 193 31
53 56 25
59 84 17
85 154 50
143 188 30
96 151 35
10 124 22
45 60 46
157 189 11
15 27 17
6 16 21
16 140 4
71 127 19
17 200 6
162 193 10
16 38 41
50 171 45
65 119 38
41 167 23
99 126 38
91 103 35
37 102 19
101 154 6
6 37 4
100 113 7
17 23 35
184 187 21
145 178 25
32 67 12
134 162 47
63 81 27
168 188 29
31 149 21
138 139 25
15 79 45
21 165 11
181 196 42
123 166 49
5 116 26
58 118 3
49 185 25
69 142 22
132 196 33
90 157 20
32 177 50
3 126 42
66 177 40
148 165 17
157 181 5
113 153 8
97 187 10
32 192 22
88 173 40
70 163 34
52 132 46
49 121 25
133 161 4
99 112 2
89 193 38
46 57 25
190 193 27
145 174 9
48 155 24
7 117 15
15 51 11
45 187 30
122 178 24
163 195 22
7 61 4
49 95 46
102 111 1
114 165 44
104 185 5
12 29 45
169 187 50
31 176 45
19 105 44
86 105 49
25 163 40
4 100 32
67 74 5
77 103 49
24 52 33
134 168 16
8 71 43
100 138 42
65 76 19
89 146 17
1 10 4
111 151 27
35 68 11
65 194 10
100 178 30
20 125 7
59 108 31
3 22 16
50 141 43
128 178 17
6 136 40
30 149 30
116 146 22
53 182 40
29 66 32
59 174 5
55 146 41
61 67 27
38 76 24
12 82 46
55 179 31
34 155 7
62 122 29
82 108 43
2 196 31
48 86 12
136 157 50
4 171 30
5 68 45
20 197 50
79 110 50
48 170 45
106 150 10
30 71 13
57 90 43
73 110 17
36 50 31
9 113 15
46 49 43
48 110 22
40 101 11
82 97 17
118 183 38
41 89 1
74 113 46
142 187 29
34 92 31
2 181 32
24 107 37
38 89 26
126 189 3
143 172 18
26 178 2
122 169 11
40 118 24
87 139 16
92 144 13
40 146 21
112 179 13
32 125 36
20 136 19
23 88 31
31 88 2
9 66 12
56 179 9
121 128 10
44 146 17
43 93 40
12 129 22
95 125 27
19 97 38
76 96 40
16 115 31
10 157 15
29 38 4
37 185 44
144 180 34
117 157 46
14 200 6
122 149 21
3 41 24
57 58 10
181 191 40
165 184 5
16 114 35
1 84 12
105 112 14
39 50 39
91 136 25
16 43 46
56 124 39
54 107 34
39 153 37
131 142 3
46 199 32
92 179 11
10 109 8
2 26 21
35 138 27
85 144 35
75 169 27
29 127 5
87 135 15
78 123 48
93 192 25
2 186 24
194 199 33
16 94 5
99 107 2
45 150 22
2 13 16
19 176 43
105 136 41
84 125 3
105 122 43
6 106 14
59 121 18
166 196 33
86 180 29
6 188 46
99 175 9
106 194 34
48 144 49
98 130 15
19 180 10
25 56 34
97 196 41
57 106 23
11 74 9
47 166 17
34 59 9
32 178 3
49 127 5
31 155 42
74 176 43
28 99 17
109 120 40
22 28 46
45 185 34
9 53 27
65 181 7
68 126 46
91 190 48
163 181 8
37 118 43
39 69 48
48 119 45
76 156 26
145 182 14
65 152 43
23 39 18
55 165 37
4 158 41
131 191 39
59 160 41
29 156 44
11 32 40
14 175 36
17 46 42
105 119 6
75 167 39
107 161 25
23 83 17
19 104 5
164 198 41
116 152 6
88 103 50
66 169 14
34 114 35
80 87 20
67 194 1
29 48 25
94 106 43
1 133 16
67 113 21
5 15 20
58 150 1
10 194 13
77 115 13
33 117 4
5 88 22
66 125 10
45 68 16
54 131 20
163 194 4
156 173 28
25 59 24
11 47 48
60 148 48
13 49 19
26 109 26
39 81 4
4 12 21
22 141 9
100 163 27
102 178 8
21 192 2
137 157 45
145 183 40
39 192 22
8 83 35
39 177 37
42 65 41
11 75 43
58 109 49
156 188 8
9 21 31
20 105 39
6 152 38
4 9 30
17 182 34
90 169 39
56 152 35
122 196 10
77 84 5
130 195 38
65 163 44
65 185 5
22 53 40
140 169 7
19 183 1
131 197 31
162 189 40
9 88 29
151 171 3
48 190 33
71 98 26
179 181 44
34 87 33
21 40 3
130 158 42
102 167 2
111 194 27
44 95 20
19 86 2
24 41 22
109 142 32
70 120 43
1 56 47
147 177 5
101 152 33
38 183 34
60 75 45
60 130 36
8 127 32
51 131 36
150 152 26
59 164 16
96 97 4
178 189 43
130 169 17
13 167 12
63 159 48
107 126 24
39 173 47
88 166 6
83 97 2
45 120 23
26 153 1
77 146 22
78 88 39
93 106 25
21 96 4
2 169 34
31 132 7
74 110 50
138 200 9
42 192 32
96 171 29
86 193 31
62 170 16
34 144 20
99 114 11
29 43 34
172 175 10
58 66 11
34 119 35
81 189 13
110 145 6
41 86 22
74 134 42
127 184 7
27 169 33
35 119 22
61 108 18
90 114 14
35 80 1
69 134 14
56 70 26
60 121 17
125 160 17
196 197 35
91 92 36
125 190 21
46 189 12
72 188 35
44 121 3
43 133 42
97 156 5
65 83 31
26 167 22
90 168 18
19 125 14
16 113 42
26 168 49
67 185 41
102 132 22
24 56 38
39 187 34
84 141 28
176 198 18
31 144 19
60 157 32
57 129 45
88 138 10
14 67 9
166 190 48
4 15 44
14 152 18
57 136 36
20 88 46
11 88 29
94 190 16
52 186 50
59 69 32
14 96 30
34 50 44
7 53 46
140 146 33
82 96 44
51 53 7
41 138 18
11 170 1
1 193 37
7 125 28
109 140 46
79 138 4
44 191 14
102 166 13
91 156 47
3 67 18
35 44 27
64 94 27
57 137 24
167 185 36
10 128 25
28 155 23
72 119 34
6 46 24
71 143 21
62 70 44
33 136 3
95 165 34
87 145 50
132 168 2
96 100 45
58 174 9
79 157 40
26 43 38
135 165 27
94 181 29
113 145 5
12 102 8
21 31 12
95 198 3
118 166 21
44 47 28
42 151 13
11 107 17
60 169 19
149 167 28
5 162 26
134 173 22
116 176 14
60 77 24
69 164 23
43 51 18
72 191 50
38 41 15
137 160 4
65 147 35
6 100 1
61 86 32
81 116 49
44 154 38
15 193 39
21 196 9
20 50 29
2 163 19
69 97 13
4 21 33
31 97 20
8 176 45
22 119 41
42 76 2
22 115 21
118 172 26
9 109 39
50 144 35
26 177 48
123 151 25
21 110 17
97 128 39
10 149 42
33 64 33
14 70 14
115 132 37
156 157 19
85 98 41
34 198 44
130 140 44
67 160 8
193 194 43
29 193 8
104 194 16
73 106 10
85 126 29
35 101 47
96 192 13
126 200 34
52 166 47
64 129 12
134 172 27
59 184 8
151 181 27
22 63 50
136 186 41
10 170 28
33 99 2
80 149 2
39 185 8
5 200 32
87 165 19
79 166 23
31 79 11
109 191 14
34 97 19
7 31 36
58 81 49
41 185 9
73 126 20
86 164 3
147 191 50
105 141 26
48 136 9
175 182 28
104 122 35
109 172 39
113 146 44
64 172 27
128 135 24
16 59 39
24 83 14
97 144 1
13 139 8
92 148 1
81 90 2
69 172 50
53 94 42
89 147 48
39 88 41
84 185 42
82 133 23
115 183 16
56 60 42
36 185 50
83 126 1
24 42 2
119 143 37
84 198 6
163 200 37
103 150 26
44 46 17
49 134 34
82 177 30
12 193 11
107 148 13
86 195 10
100 128 46
44 73 15
77 128 19
47 63 9
65 89 32
96 182 2
142 166 28
83 124 22
30 47 14
150 178 37
153 166 3
123 187 47
74 199 29
21 127 47
10 22 36
159 160 13
79 172 39
22 183 41
4 199 29
37 180 35
68 78 16
73 123 43
11 178 48
28 154 47
62 100 29
121 141 25
10 176 16
44 173 9
124 145 3
11 60 6
102 109 9
34 121 18
87 136 9
11 25 37
40 156 48
22 152 48
34 91 4
126 134 50
49 68 18
24 174 49
119 129 23
66 118 16
8 25 42
64 193 44
70 193 44
44 49 18
59 106 44
143 147 9
72 182 48
31 154 16
107 116 27
103 169 5
156 183 47
5 159 23
113 114 25
87 117 6
27 78 30
1 18 14
89 90 42
138 177 49
4 124 50
5 188 14
10 79 9
123 138 44
137 184 20
39 84 7
84 174 3
90 170 43
121 185 25
69 76 48
70 82 28
35 42 17
2 190 44
132 195 32
42 171 8
95 190 47
30 141 9
107 158 42
67 173 49
41 106 16
4 192 27
7 48 24
59 157 50
62 80 5
104 165 44
38 197 25
143 164 41
75 141 44
21 174 22
72 192 14
34 98 5
56 149 33
36 77 5
41 69 34
42 59 7
29 85 33
108 157 48
71 150 45
128 176 46
102 128 19
43 60 24
143 191 8
76 161 49
28 120 30
26 35 9
147 172 12
39 113 14
98 138 1
63 94 6
5 134 30
88 136 49
19 39 27
30 135 27
76 80 35
110 181 19
52 74 43
112 121 31
8 89 35
119 147 21
18 49 9
5 117 10
5 42 48
43 130 14
135 174 40
29 70 11
25 117 12
18 178 38
7 71 50
11 66 39
22 150 5
81 161 37
37 134 5
60 192 8
13 117 13
48 114 40
11 155 11
93 117 21
161 183 37
18 190 39
38 93 11
73 168 29
6 18 29
103 151 15
60 105 42
167 189 35
35 114 18
22 189 44
183 187 19
5 91 42
12 178 35
101 120 50
17 147 40
23 30 43
84 108 25
62 83 12
98 185 35
10 77 4
136 195 50
75 142 32
97 197 33
49 153 50
55 137 33
131 171 31
46 188 26
70 181 12
20 40 5
146 147 44
58 142 7
58 72 25
4 172 23
75 193 10
13 42 42
38 80 47
42 49 1
90 167 35
60 179 27
78 197 34
2 166 22
39 157 50
163 174 40
82 142 16
104 157 5
16 18 41
34 156 32
25 73 37
71 74 5
44 116 25
19 127 17
57 89 45
113 192 44
56 98 47
1 28 24
55 164 34
16 35 6
97 119 11
112 114 1
75 196 48
89 186 3
84 116 30
144 198 45
111 196 28
2 8 43
8 156 39
87 88 45
23 165 50
118 189 48
43 170 26
2 45 9
73 88 41
178 180 28
127 200 35
33 168 28
33 35 9
96 127 10
90 158 11
5 72 28
45 58 42
85 155 33
74 148 5
12 157 7
73 130 45
63 165 38
142 153 19
10 200 37
62 72 47
10 165 44
65 150 17
52 170 33
88 108 26
104 128 9
86 153 32
11 71 48
143 156 37
85 88 11
89 169 13
122 158 1
80 122 8
24 193 8
85 135 31
116 196 27
21 78 19
35 59 27
56 126 11
192 193 24
87 150 44
8 60 18
48 181 31
30 91 8
26 57 12
159 171 40
12 191 24
187 198 2
42 81 5
48 102 10
52 135 25
7 179 14
62 153 1
39 181 24
116 148 4
121 161 25
4 151 23
72 170 17
173 195 38
28 75 45
23 178 45
170 187 22
71 157 14
20 61 29
7 32 11
12 103 2
52 64 20
30 35 47
29 141 18
58 67 25
33 200 41
6 74 25
14 65 14
61 124 23
41 154 34
41 194 25
36 150 15
73 113 1
63 190 26
67 147 24
14 149 1
145 186 33
77 172 35
107 200 10
59 80 27
72 106 40
73 181 24
103 157 40
78 125 14
102 104 21
6 161 20
121 135 26
78 161 32
97 152 44
147 149 36
130 133 14
31 173 21
43 71 19
171 173 35
47 162 25
130 144 22
93 101 45
57 91 7
25 184 24
23 68 32
82 123 25
52 140 25
68 173 1
101 103 33
38 40 5
33 55 27
138 193 1
34 88 26
158 190 45
49 144 7
169 191 16
25 114 48
15 69 12
9 64 28
57 123 2
63 130 6
36 126 7
13 78 50
129 156 10
59 119 4
15 102 3
65 80 28
55 99 29
36 100 11
13 89 1
83 133 24
125 145 22
52 143 27
93 155 45
62 163 42
89 132 18
25 164 11
22 143 13
4 181 48
32 166 30
2 113 14
11 127 30
70 101 26
88 100 42
61 169 21
113 127 16
16 32 36
12 100 12
91 191 31
10 178 23
54 120 17
16 106 43
80 195 37
28 79 18
177 200 42
114 188 16
24 126 11
138 176 36
143 166 30
43 100 37
40 41 20
113 122 26
13 169 38
192 196 29
16 61 33
6 19 20
35 91 47
40 175 12
107 177 25
53 113 45
15 154 35
25 139 39
120 156 36
119 133 4
23 154 48
12 43 28
30 39 20
49 163 45
17 87 34
45 103 8
171 179 29
34 113 38
13 92 9
18 155 15
102 151 49
4 36 17
140 145 23
72 150 14
125 159 7
80 196 49
54 178 19
63 162 36
142 171 2
67 69 14
79 134 9
1 39 40
98 115 2
28 191 32
72 103 35
15 172 29
45 63 17
85 178 12
23 123 10
72 147 29
100 106 16
35 109 15
27 116 26
19 68 6
74 92 42
3 91 47
12 181 44
21 37 42
66 72 12
11 103 43
34 42 31
41 53 27
48 81 19
25 192 34
27 159 43
23 167 37
84 156 4
59 172 16
110 139 25
90 191 1
101 169 21
54 58 41
59 152 10
30 181 24
50 98 28
71 91 16
6 197 10
110 179 18
145 151 8
42 133 27
149 166 47
70 88 6
185 190 36
7 132 6
24 118 7
186 193 43
19 66 39
147 183 47
114 178 14
25 128 42
47 48 41
89 200 3
152 156 30
108 194 27
36 165 44
143 159 28
47 107 45
3 49 19
78 129 45
168 197 13
93 140 34
83 178 36
32 100 39
153 188 10
46 164 8
38 95 17
23 56 10
34 108 8
8 139 9
32 91 27
36 153 33
20 168 13
81 188 39
14 125 24
39 109 13
42 160 23
30 112 21
4 150 24
17 167 38
97 190 19
108 177 27
93 200 19
20 96 31
110 184 4
72 138 7
8 169 14
117 142 49
84 175 21
92 178 34
44 178 32
47 182 36
67 170 17
48 55 3
24 73 5
23 111 46
24 139 42
55 66 49
4 145 1
107 129 16
20 183 16
35 199 42
51 150 50
6 88 19
47 158 45
35 62 37
33 109 42
79 152 2
78 90 47
42 187 44
68 154 16
98 131 4
57 69 30
108 136 10
93 183 29
137 142 46
141 150 7
89 166 7
33 131 35
49 186 23
145 177 39
81 152 1
10 98 6
41 104 47
109 167 7
67 128 9
78 132 27
139 162 32
97 130 26
40 121 8
103 156 49
56 176 28
128 198 35
46 71 29
45 98 27
150 196 39
133 149 37
109 131 48
1 155 4
53 200 44
72 134 39
97 170 4
12 76 46
75 153 35
22 146 31
32 54 3
89 197 19
32 83 19
5 199 40
43 105 9
68 182 44
20 46 42
134 167 49
86 138 44
36 193 26
8 196 44
135 168 33
146 200 43
32 122 9
128 161 46
160 182 35
63 90 42
82 110 12
16 49 13
1 149 22
60 76 13
17 52 46
20 29 35
102 168 34
78 146 11
23 143 27
6 113 26
81 146 13
46 80 45
64 123 7
6 30 21
127 154 18
155 176 11
82 184 45
114 156 27
70 176 2
11 189 9
50 102 50
25 41 50
161 165 38
52 101 37
186 190 41
38 81 49
115 148 45
39 76 36
68 72 50
58 197 31
66 112 9
44 74 13
11 115 34
51 63 15
83 175 50
115 174 23
137 183 32
24 143 35
28 33 44
111 169 27
139 160 48
104 187 13
33 67 41
99 172 11
1 78 17
57 95 30
114 195 18
171 199 27
60 171 43
92 190 21
85 89 49
107 144 33
141 178 6
53 189 35
92 122 42
74 177 21
39 180 7
23 126 25
60 143 13
19 186 24
23 25 1
7 10 31
22 90 40
120 173 5
78 190 23
29 90 25
43 84 26
4 82 12
18 175 12
45 113 20
3 200 30
49 143 29
29 150 37
47 193 14
26 183 44
48 101 48
79 124 30
132 162 13
99 198 6
4 122 18
21 90 43
114 190 19
8 146 21
132 157 41
45 101 43
21 130 8
156 165 23
57 122 22
32 152 1
117 134 11
97 146 33
47 57 1
101 117 39
77 182 19
21 169 41
85 174 1
45 116 42
28 198 44
151 196 10
68 107 31
73 142 11
18 103 46
38 186 14
114 173 41
41 195 16
165 182 6
44 139 8
50 180 15
29 72 38
42 127 1
73 190 37
13 174 18
10 184 40
140 159 2
134 188 36
147 200 3
125 191 23
179 184 27
109 118 11
143 173 4
146 178 14
68 150 44
170 189 40
111 186 10
6 191 35
26 163 13
147 166 9
12 171 28
34 72 19
57 199 36
8 134 34
19 34 47
63 103 29
74 80 4
42 199 19
150 183 47
92 125 24
75 185 28
151 191 34
30 72 23
15 130 10
14 69 25
30 74 18
7 180 6
36 173 36
76 170 14
38 144 27
73 128 29
72 98 44
171 198 41
33 177 28
156 185 2
16 25 50
86 127 14
12 158 2
100 148 35
130 178 16
38 156 45
164 185 16
111 128 23
39 170 46
32 80 31
27 66 17
101 190 42
46 91 50
122 134 6
80 199 49
70 114 27
120 130 7
47 109 42
77 100 40
71 76 1
40 149 50
14 52 13
109 149 43
113 141 16
9 44 46
69 188 38
9 126 9
57 161 5
15 135 14
48 186 6
24 66 34
53 73 18
109 195 41
82 139 46
93 141 50
5 19 45
41 157 24
107 141 9
26 173 16
28 135 7
92 119 9
34 109 50
74 132 24
18 57 31
22 158 13
24 142 46
8 56 44
71 92 26
21 150 20
72 125 38
30 75 15
169 178 37
50 80 40
93 145 1
14 172 47
44 56 31
68 132 16
24 64 35
49 138 48
178 191 34
13 188 12
105 108 27
124 135 35
151 182 24
48 105 25
59 182 32
141 187 12
120 194 17
9 106 37
7 185 23
156 192 27
66 156 34
78 144 21
9 134 43
100 145 3
36 184 24
59 175 22
55 75 35
27 129 10
124 138 26
161 180 16
18 192 44
29 165 42
35 96 45
61 96 48
124 172 48
5 56 4
40 150 7
96 118 41
8 33 4
93 156 2
19 130 29
18 121 6
49 178 48
58 100 14
14 142 17
12 160 2
30 44 48
37 184 23
3 139 26
63 106 13
100 126 21
41 139 15
81 92 6
161 196 30
36 111 47
44 77 14
4 43 1
138 158 6
24 182 20
29 74 36
65 155 13
25 103 27
75 132 21
3 84 2
61 90 47
22 121 28
56 180 32
70 173 23
14 32 48
27 172 16
25 170 28
32 39 2
3 110 13
40 162 9
101 142 13
141 190 32
45 89 37
50 140 41
132 152 33
84 184 36
122 151 13
9 130 29
104 116 8
150 197 3
23 75 43
153 156 37
85 151 17
94 145 43
19 49 4
26 90 48
23 135 45
123 153 47
129 180 23
97 137 7
65 98 33
52 145 37
96 160 10
60 199 1
54 196 33
111 116 21
169 200 43
45 153 32
31 115 8
153 165 32
147 151 22
46 148 17
42 169 17
183 184 18
101 139 26
14 39 35
41 43 16
172 193 27
81 174 7
108 148 47
30 145 3
60 126 34
27 141 19
31 63 11
174 175 21
167 188 17
72 180 24
60 93 3
68 156 16
71 80 46
70 135 27
13 122 24
42 120 33
75 87 37
64 163 11
86 185 20
134 182 39
46 134 15
9 54 29
91 121 13
33 132 40
1 112 50
76 102 31
84 97 2
125 143 18
162 182 30
25 151 23
29 177 34
113 117 18
123 142 39
72 190 39
29 54 49
123 182 37
48 90 33
125 167 21
53 140 19
65 130 2
31 193 4
33 62 7
61 171 6
13 183 31
33 198 28
116 187 4
32 163 4
81 135 36
53 145 24
69 115 16
19 28 26
117 133 18
93 179 24
152 168 21
102 187 15
37 56 23
26 47 34
45 158 37
78 136 18
142 185 42
95 112 31
26 56 37
164 175 37
13 99 11
19 169 30
112 131 10
68 198 25
61 141 39
30 159 16
10 129 44
34 36 24
50 193 39
146 171 13
1 171 8
25 121 12
131 158 38
7 51 42
11 81 3
81 140 37
32 102 11
30 56 34
53 88 20
11 15 37
58 195 4
116 159 26
143 181 6
57 79 46
5 154 30
33 182 27
71 83 18
64 141 2
10 69 30
25 109 18
131 186 29
84 126 16
44 52 40
195 199 16
34 96 20
71 151 1
184 191 14
52 175 42
116 181 4
123 165 35
69 138 39
15 103 18
65 125 41
37 181 15
10 158 3
85 158 6
40 68 17
56 102 30
48 84 12
37 187 15
174 195 4
126 129 3
115 179 26
153 182 11
68 146 43
59 66 43
79 139 9
56 191 7
92 142 3
22 151 14
115 135 40
84 173 46
1 106 15
119 189 18
12 48 45
63 174 36
17 64 19
44 115 3
145 185 11
27 47 1
100 156 43
183 197 38
150 172 46
40 165 40
70 198 24
10 28 29
85 156 12
52 124 19
100 189 10
81 85 4
13 57 23
81 120 11
51 180 50
153 174 32
38 42 19
132 163 1
66 180 38
11 89 15
48 162 32
113 196 3
52 122 9
51 129 23
78 148 50
171 185 26
6 101 18
58 69 12
5 181 32
26 155 19
27 192 23
165 170 35
88 147 12
10 19 25
108 179 35
15 200 31
4 86 6
28 76 29
1 16 41
36 132 38
86 163 9
42 113 49
69 175 4
45 175 43
153 179 48
124 190 41
149 175 39
56 130 23
52 156 45
57 155 42
37 174 47
11 196 12
149 163 11
15 164 50
11 164 31
37 99 47
173 196 24
56 82 30
71 141 9
148 200 33
148 175 24
118 137 16
4 31 21
72 128 13
1 173 10
119 194 22
60 149 35
122 123 41
33 191 2
41 54 11
29 128 22
6 51 43
2 165 15
95 141 29
140 143 48
43 123 5
15 155 47
117 136 19
62 198 17
65 170 32
52 78 42
118 125 3
59 155 11
5 166 17
125 158 18
141 174 3
109 177 11
131 168 38
31 177 46
51 200 37
104 162 23
2 194 46
7 133 42
71 88 40
6 147 25
181 182 15
95 140 46
7 87 24
106 153 32
112 156 3
117 195 31
47 198 4
31 113 16
61 160 15
2 183 13
121 186 36
144 179 29
18 163 27
134 199 34
105 116 8
40 82 20
3 99 47
78 172 49
47 84 21
88 97 6
140 176 41
103 155 2
46 103 49
72 78 6
48 140 3
36 108 10
175 179 32
14 18 39
63 96 47
21 117 7
66 194 13
1 90 6
84 146 3
52 176 34
136 163 20
53 165 13
90 175 3
84 163 13
173 185 47
31 38 23
53 136 9
119 190 15
26 136 3
118 144 24
66 185 4
10 121 18
103 128 21
74 180 14
7 83 23
80 155 41
68 137 46
95 173 8
5 197 8
59 176 7
150 182 17
73 151 7
54 177 43
40 188 2
41 190 29
45 178 25
143 185 19
43 48 17
114 172 5
46 70 13
59 137 37
50 116 46
74 126 44
165 193 50
143 182 44
184 200 32
77 94 37
52 150 7
3 103 14
71 105 48
61 113 32
58 134 50
12 177 16
54 166 27
80 125 21
32 36 49
72 94 16
18 185 5
149 190 49
91 161 50
11 174 21
16 173 30
135 166 31
102 191 46
178 198 44
12 13 33
102 155 45
9 47 15
76 166 44
107 176 26
28 111 25
28 93 21
66 111 24
90 112 16
94 152 45
8 135 25
52 161 46
67 165 33
112 148 18
110 185 48
112 126 47
96 159 17
38 118 49
57 200 45
78 112 8
29 100 31
163 167 47
67 151 13
60 140 12
44 183 28
157 164 36
3 50 46
89 144 48
70 92 44
104 158 31
116 173 39
9 115 29
158 179 17
5 192 23
51 191 9
76 195 28
103 172 33
65 86 31
6 173 44
47 72 12
115 166 24
98 150 45
77 179 6
24 160 10
28 108 32
51 76 21
14 161 4
104 148 3
49 131 1
41 46 42
36 200 29
13 149 22
12 79 44
33 72 18
6 42 28
165 179 20
50 142 31
41 112 11
66 123 6
59 166 38
64 187 15
68 197 50
96 155 3
38 125 24
22 126 23
69 127 39
112 200 49
47 136 20
10 26 30
15 66 7
90 195 27
32 104 45
106 133 50
129 159 28
138 188 10
60 144 12
18 184 1
144 189 50
144 183 28
58 175 21
58 68 6
100 107 15
28 38 1
61 199 16
40 58 6
85 193 31
20 59 19
112 122 30
13 87 43
38 119 43
47 173 39
34 166 42
7 150 37
103 163 16
6 104 41
32 103 6
32 85 41
171 180 45
102 148 22
50 181 50
86 186 7
113 186 23
104 129 7
38 88 4
102 189 35
48 172 15
11 16 8
80 173 26
40 184 43
25 88 22
50 58 48
9 50 38
8 122 3
22 149 21
88 106 29
39 68 11
93 109 30
37 129 6
66 151 38
31 189 11
98 152 13
68 77 34
87 190 31
83 174 47
143 184 1
98 183 18
72 167 28
35 171 22
111 113 13
31 164 10
63 98 21
64 154 7
70 118 35
21 195 34
121 193 13
40 123 40
68 167 37
41 120 38
57 82 22
17 97 48
61 100 18
76 78 25
47 58 1
49 172 17
14 178 50
111 126 1
41 56 44
45 84 46
130 131 45
7 37 17
21 60 14
47 117 32
5 173 43
95 185 31
52 105 2
108 182 21
165 173 11
61 152 4
92 159 34
16 47 4
23 171 7
78 142 43
4 95 32
5 10 19
79 178 27
100 175 28
25 116 25
23 106 23
54 180 34
109 139 11
3 185 35
2 157 10
56 199 17
114 155 49
86 172 48
96 149 2
127 159 47
147 159 39
31 55 17
99 164 38
12 123 34
24 172 2
139 185 8
92 154 15
134 139 1
72 171 18
27 167 14
11 57 50
49 107 33
28 158 6
27 122 7
159 189 21
23 103 49
140 142 22
38 116 39
63 178 19
6 14 32
111 147 10
147 161 11
27 140 13
48 76 41
74 91 1
74 174 16
63 143 9
47 65 32
80 116 5
14 74 20
50 179 7
167 197 49
16 148 11
121 197 2
78 118 28
37 114 29
59 122 20
74 175 35
33 173 48
49 158 4
106 131 18
33 56 2
60 150 31
103 147 44
126 162 9
74 178 32
125 150 34
39 178 44
55 198 15
153 168 35
168 191 15
156 177 8
17 35 49
1 92 9
12 180 27
39 199 11
44 66 46
165 195 35
26 151 17
52 197 13
50 165 48
70 185 37
71 194 37
8 84 12
53 134 8
40 154 44
65 75 37
35 69 47
144 172 17
24 197 15
51 146 18
12 87 49
37 145 11
45 170 48
82 141 27
44 50 48
20 68 46
98 160 40
114 150 39
1 169 9
36 66 42
115 163 17
105 106 17
150 192 48
74 121 19
16 50 40
