500 750
1 84
2 66
3 112
4 42
5 82
6 99
7 8
8 51
9 70
10 64
11 30
12 26
13 11
14 54
15 27
16 80
17 110
18 100
19 19
20 57
21 41
22 65
23 24
24 39
25 104
26 102
27 51
28 104
29 26
30 46
31 34
32 90
33 53
34 87
35 41
36 24
37 37
38 66
39 103
40 68
41 38
42 8
43 112
44 74
45 49
46 18
47 78
48 64
49 52
50 22
51 71
52 61
53 81
54 43
55 91
56 87
57 20
58 101
59 36
60 81
61 33
62 17
63 7
64 7
65 80
66 77
67 59
68 19
69 68
70 75
71 11
72 24
73 105
74 76
75 65
76 36
77 83
78 87
79 106
80 110
81 15
82 12
83 7
84 93
85 84
86 4
87 67
88 75
89 29
90 10
91 4
92 61
93 111
94 88
95 44
96 72
97 22
98 44
99 51
100 17
101 90
102 14
103 5
104 107
105 20
106 39
107 98
108 24
109 60
110 93
111 60
112 13
113 46
114 94
115 69
116 16
117 97
118 65
119 75
120 57
121 6
122 99
123 56
124 97
125 43
126 55
127 75
128 18
129 89
130 35
131 15
132 99
133 54
134 33
135 42
136 107
137 42
138 3
139 5
140 10
141 16
142 109
143 108
144 39
145 4
146 68
147 83
148 13
149 35
150 45
151 90
152 65
153 89
154 102
155 49
156 26
157 61
158 110
159 36
160 11
161 9
162 93
163 94
164 46
165 22
166 22
167 88
168 9
169 66
170 70
171 19
172 56
173 64
174 96
175 83
176 43
177 36
178 43
179 112
180 25
181 20
182 28
183 77
184 1
185 58
186 93
187 29
188 31
189 88
190 88
191 92
192 39
193 77
194 53
195 96
196 18
197 20
198 54
199 69
200 65
201 64
202 79
203 74
204 91
205 32
206 8
207 80
208 42
209 41
210 59
211 52
212 32
213 90
214 78
215 8
216 47
217 63
218 112
219 46
220 71
221 96
222 25
223 48
224 93
225 12
226 32
227 111
228 84
229 24
230 24
231 19
232 72
233 52
234 5
235 96
236 78
237 26
238 24
239 24
240 24
241 93
242 53
243 109
244 47
245 67
246 112
247 28
248 3
249 107
250 13
251 56
252 110
253 21
254 58
255 68
256 62
257 74
258 106
259 58
260 97
261 9
262 80
263 49
264 37
265 17
266 23
267 48
268 48
269 26
270 50
271 79
272 71
273 106
274 110
275 10
276 8
277 96
278 49
279 34
280 90
281 88
282 45
283 100
284 81
285 19
286 98
287 37
288 91
289 40
290 100
291 58
292 107
293 4
294 95
295 28
296 81
297 31
298 103
299 39
300 12
301 112
302 88
303 70
304 34
305 71
306 7
307 93
308 54
309 86
310 97
311 111
312 109
313 103
314 78
315 13
316 39
317 65
318 34
319 19
320 106
321 107
322 98
323 43
324 106
325 51
326 56
327 44
328 96
329 17
330 47
331 7
332 79
333 35
334 107
335 51
336 93
337 30
338 35
339 89
340 1
341 56
342 29
343 22
344 97
345 47
346 52
347 5
348 43
349 100
350 93
351 1
352 90
353 79
354 9
355 75
356 30
357 109
358 85
359 35
360 86
361 67
362 111
363 79
364 15
365 80
366 98
367 10
368 13
369 40
370 33
371 43
372 11
373 102
374 87
375 64
376 34
377 56
378 75
379 36
380 20
381 71
382 89
383 26
384 73
385 28
386 64
387 71
388 12
389 91
390 101
391 3
392 29
393 42
394 54
395 54
396 73
397 97
398 71
399 5
400 39
401 12
402 76
403 49
404 94
405 80
406 29
407 10
408 81
409 45
410 66
411 2
412 13
413 79
414 109
415 95
416 39
417 8
418 58
419 110
420 84
421 82
422 96
423 28
424 104
425 80
426 112
427 98
428 37
429 64
430 67
431 80
432 40
433 59
434 9
435 6
436 99
437 64
438 88
439 107
440 59
441 9
442 18
443 91
444 69
445 96
446 30
447 104
448 45
449 99
450 15
451 6
452 98
453 38
454 71
455 42
456 60
457 87
458 57
459 28
460 43
461 28
462 102
463 63
464 28
465 77
466 63
467 37
468 82
469 50
470 50
471 70
472 28
473 64
474 54
475 70
476 22
477 111
478 38
479 97
480 107
481 66
482 111
483 3
484 88
485 109
486 21
487 80
488 62
489 3
490 95
491 20
492 109
493 12
494 1
495 49
496 73
497 65
498 48
499 51
500 76
199 217 25
50 318 28
52 307 17
293 487 7
235 456 24
70 378 14
157 430 36
3 65 26
433 450 19
126 317 3
153 371 10
16 124 19
123 439 23
275 317 48
163 224 33
176 239 42
275 457 50
259 396 13
430 491 14
207 309 12
38 156 9
327 353 9
105 399 42
196 261 38
57 465 7
182 295 16
199 257 17
48 312 48
258 410 5
72 442 49
127 498 1
69 155 20
14 109 9
143 390 12
138 440 36
22 283 34
167 281 30
181 465 35
311 314 47
24 249 18
71 330 19
252 384 48
202 236 44
267 403 50
295 444 8
65 171 10
140 280 22
254 350 6
108 116 46
220 249 20
20 83 29
152 354 7
426 435 28
47 263 6
1 176 9
156 235 5
185 436 10
72 73 3
213 487 37
353 400 2
107 227 43
103 488 7
48 454 30
78 447 46
104 248 8
93 132 25
261 302 11
168 402 27
95 395 10
414 435 35
55 301 28
265 427 14
240 481 1
252 304 4
205 221 20
33 284 21
143 352 46
205 481 6
38 289 12
401 410 2
37 103 23
107 206 41
325 369 33
35 188 29
105 289 17
167 438 8
202 403 49
336 487 32
258 311 6
173 488 4
154 175 36
160 225 30
84 445 46
152 393 50
193 380 25
362 381 42
218 497 26
344 464 14
96 230 3
437 456 5
290 326 40
6 342 18
13 93 4
1 15 36
3 313 29
255 377 26
182 500 44
60 279 30
12 348 9
285 358 29
78 283 7
223 439 46
345 391 20
217 404 4
134 185 2
144 151 10
87 308 29
77 236 4
14 242 4
124 194 42
252 407 34
234 291 17
399 417 33
30 450 25
202 323 34
34 444 31
364 431 2
13 317 3
348 468 17
42 358 39
223 467 6
170 482 36
68 217 32
39 244 10
7 483 45
311 397 50
172 230 40
64 89 40
281 284 32
13 172 6
34 349 36
159 369 30
99 349 24
50 127 43
237 405 5
150 228 37
49 433 50
209 478 50
79 256 4
58 218 43
160 210 12
103 237 50
218 425 23
49 499 21
28 448 4
337 411 39
105 267 40
191 287 8
34 135 4
22 494 23
430 453 9
22 385 30
404 419 19
160 386 48
13 132 31
119 193 13
91 299 34
110 329 44
14 382 10
139 391 26
188 439 44
24 33 38
129 339 4
269 479 18
313 342 14
205 303 22
83 86 38
117 235 29
350 500 21
412 485 12
146 378 20
120 496 43
102 447 43
213 421 49
156 219 35
103 460 1
122 471 28
84 383 46
73 371 40
321 360 48
2 71 31
339 371 20
13 94 16
95 105 48
84 293 47
75 231 3
3 485 6
39 388 45
352 490 27
28 350 26
28 294 2
29 259 40
41 333 43
350 483 43
189 246 42
224 326 10
398 492 21
163 356 10
106 376 30
54 220 43
4 217 9
259 441 49
269 488 33
341 396 17
21 451 15
89 139 7
90 429 26
38 428 44
72 371 7
367 375 41
375 467 46
363 381 10
43 68 34
366 469 5
146 437 22
126 190 46
51 307 13
86 470 4
183 327 20
217 319 46
172 248 48
103 299 22
119 172 13
2 31 13
53 438 28
238 291 35
146 412 1
349 426 19
253 411 40
109 399 4
171 363 9
211 488 39
183 447 13
141 315 24
117 347 38
18 281 30
85 325 47
177 410 42
249 478 25
132 318 44
42 283 13
340 476 25
190 333 1
119 282 47
289 498 48
199 426 46
368 401 42
23 485 30
114 202 42
82 287 24
106 285 39
90 106 39
80 321 14
67 242 9
188 212 6
53 375 5
113 498 24
23 348 32
24 292 46
281 318 8
265 492 46
8 365 50
301 489 35
355 430 29
100 241 32
44 435 36
78 96 32
183 445 36
157 238 10
46 54 16
226 368 46
253 359 25
469 480 26
176 182 26
312 400 28
197 424 21
305 391 10
95 110 14
131 406 37
11 367 24
295 304 27
131 154 20
4 258 40
63 392 45
285 312 46
84 268 9
263 439 46
58 148 37
126 472 15
426 434 14
56 331 25
203 497 33
354 449 21
246 422 44
297 485 19
27 372 2
6 325 49
363 422 9
200 300 20
236 487 47
14 305 19
107 270 31
35 395 47
346 438 2
213 497 17
161 228 42
229 264 26
181 366 17
76 456 23
34 358 22
239 462 19
2 216 24
36 259 34
16 206 15
123 326 10
5 101 24
95 338 46
420 492 6
51 181 19
86 296 15
205 348 12
219 393 12
103 371 25
141 490 25
301 307 4
224 436 29
171 401 33
74 128 33
116 194 3
191 230 3
63 118 5
124 128 24
189 449 3
70 129 19
370 438 36
28 457 39
176 260 38
225 270 7
76 238 48
225 442 1
4 63 4
289 384 28
105 380 35
181 208 27
112 428 21
240 303 27
449 468 34
179 234 2
204 209 30
37 409 6
117 296 46
73 368 13
243 285 21
287 315 24
126 447 21
415 464 7
108 403 12
409 411 22
41 447 37
284 423 13
386 408 6
212 379 4
49 312 43
254 322 19
99 154 17
160 372 45
19 168 45
211 299 28
280 327 31
340 368 23
100 278 2
345 405 27
100 500 18
159 321 47
105 370 25
284 492 41
36 400 48
176 342 5
60 500 36
372 470 30
145 230 45
83 244 27
97 340 44
154 339 28
14 56 19
179 374 6
170 252 22
132 425 25
39 68 15
50 236 49
82 394 4
10 402 35
344 494 34
29 407 32
368 406 10
118 435 14
324 392 6
390 401 34
36 282 9
8 132 23
2 399 29
187 437 38
150 258 4
90 437 43
223 448 19
411 500 26
213 337 32
130 278 48
110 350 40
37 499 31
12 196 20
61 399 38
28 148 21
112 492 18
266 420 17
180 331 50
99 189 29
29 134 4
49 253 37
9 152 1
124 269 39
69 246 21
30 256 49
292 401 44
158 500 3
77 344 4
95 456 49
145 282 2
204 234 29
174 245 30
45 327 18
109 198 11
32 469 10
108 374 19
170 431 22
19 418 37
57 285 39
256 387 30
297 357 20
46 69 8
122 232 36
311 313 14
56 432 16
31 46 30
103 351 31
161 372 28
104 258 36
71 377 33
237 311 27
232 394 47
51 278 26
303 479 11
18 341 17
439 453 48
100 447 36
316 353 49
17 108 38
414 444 25
275 471 39
311 344 42
130 432 27
187 310 46
332 384 44
228 333 40
230 404 2
189 432 14
39 60 17
241 436 34
210 499 3
128 175 41
44 212 48
38 107 26
10 136 39
300 492 33
46 399 10
275 435 46
98 325 2
217 451 24
9 186 3
131 343 28
397 486 14
228 365 12
225 296 45
294 418 2
254 473 29
318 453 41
385 422 14
173 310 35
360 458 1
51 102 50
84 332 13
312 333 19
135 252 11
81 216 2
181 370 49
223 270 50
205 447 36
36 319 43
33 414 36
13 493 27
73 307 43
339 379 11
59 283 29
299 428 33
130 195 40
163 488 30
93 111 12
145 161 23
49 341 42
45 380 31
194 481 10
287 427 45
282 301 43
58 84 38
166 188 15
221 339 24
210 301 10
124 261 38
66 423 13
89 328 27
59 439 22
238 470 34
418 469 32
29 60 9
349 464 44
214 485 20
385 420 25
86 267 48
197 463 4
74 104 32
13 67 30
457 472 38
179 266 46
24 410 48
97 323 17
83 455 45
272 276 31
189 329 13
239 487 24
460 490 47
42 297 34
100 214 45
123 450 50
234 271 35
374 477 31
61 418 30
55 360 48
30 234 12
458 472 19
209 234 15
109 131 26
337 432 11
60 280 35
331 479 15
114 354 50
105 177 15
283 367 43
141 333 40
44 340 38
72 370 3
216 407 7
19 177 29
4 156 4
212 380 21
178 434 19
145 397 14
11 291 24
123 350 29
169 395 27
17 178 6
363 464 42
30 49 28
259 423 41
106 426 25
165 297 24
122 341 34
100 352 5
92 185 33
329 349 24
202 493 19
21 442 48
271 418 12
41 126 6
49 452 1
195 199 30
11 132 20
18 131 1
27 400 18
85 369 16
12 137 41
269 350 2
166 235 10
376 382 10
331 370 4
216 372 15
101 180 36
223 332 48
127 188 30
197 423 1
129 348 41
97 460 31
234 276 28
137 186 32
184 223 22
75 469 7
61 323 45
211 258 41
311 422 49
287 456 12
73 239 9
99 161 31
167 352 38
151 209 32
160 309 49
159 223 43
102 108 4
141 194 44
53 65 2
285 371 29
156 258 32
109 154 39
155 223 40
184 390 18
269 450 15
47 137 23
98 350 7
237 397 48
51 171 23
22 215 6
21 496 2
30 218 40
276 425 43
50 394 35
192 269 38
156 286 14
361 489 2
139 174 1
20 455 43
114 200 17
74 126 26
43 63 17
124 373 11
160 329 5
240 484 18
166 480 2
87 255 12
313 322 39
142 282 2
270 386 16
118 386 18
188 445 1
128 446 14
13 340 3
235 384 10
344 368 1
87 187 16
185 392 9
307 483 32
118 123 11
161 463 39
275 345 3
9 463 12
334 418 37
169 436 9
187 484 8
19 357 16
259 447 28
351 393 35
305 457 3
92 380 6
66 420 20
64 335 29
173 374 25
240 258 39
356 395 36
9 458 27
146 177 29
180 288 27
135 412 20
261 285 11
243 256 39
38 353 4
238 240 47
51 292 3
40 102 16
231 301 12
430 488 19
20 314 45
326 392 39
71 313 4
14 495 27
38 292 40
22 81 38
61 475 38
94 431 42
158 353 47
278 285 3
1 310 24
43 293 26
111 321 11
258 483 12
44 327 21
69 98 32
104 352 35
384 431 30
173 323 1
277 379 34
295 472 15
101 320 11
413 477 36
55 275 49
275 350 43
321 466 48
136 217 8
321 404 47
261 335 48
175 428 16
5 27 18
18 403 23
161 482 39
71 319 42
123 237 47
79 373 46
89 254 8
23 165 7
121 154 38
67 118 43
63 102 41
169 386 44
241 409 48
110 292 14
157 429 18
112 427 13
394 401 17
349 378 25
42 239 37
229 246 17
169 270 33
305 329 7
228 239 18
