500 5000
1 160
2 271
3 496
4 500
5 514
6 578
7 9
8 285
9 352
10 700
11 158
12 630
13 500
14 249
15 346
16 117
17 544
18 606
19 87
20 37
21 724
22 178
23 442
24 468
25 597
26 447
27 500
28 99
29 465
30 318
31 461
32 689
33 552
34 501
35 687
36 351
37 18
38 707
39 680
40 358
41 726
42 290
43 454
44 198
45 366
46 742
47 536
48 375
49 190
50 333
51 634
52 737
53 74
54 462
55 615
56 620
57 600
58 578
59 585
60 428
61 376
62 6
63 18
64 70
65 159
66 143
67 644
68 514
69 222
70 458
71 689
72 627
73 561
74 741
75 91
76 94
77 552
78 232
79 422
80 66
81 653
82 481
83 547
84 597
85 80
86 136
87 731
88 263
89 533
90 627
91 750
92 685
93 108
94 37
95 144
96 98
97 610
98 685
99 123
100 627
101 583
102 388
103 287
104 281
105 701
106 691
107 701
108 409
109 674
110 380
111 448
112 15
113 252
114 361
115 249
116 491
117 672
118 551
119 120
120 6
121 709
122 699
123 712
124 593
125 428
126 290
127 126
128 134
129 121
130 319
131 416
132 384
133 375
134 230
135 446
136 326
137 684
138 647
139 21
140 546
141 240
142 515
143 471
144 452
145 313
146 396
147 90
148 608
149 44
150 678
151 113
152 687
153 284
154 536
155 287
156 371
157 454
158 108
159 730
160 200
161 673
162 144
163 584
164 674
165 710
166 355
167 285
168 521
169 683
170 273
171 195
172 389
173 482
174 376
175 549
176 464
177 175
178 368
179 21
180 585
181 63
182 231
183 510
184 582
185 584
186 731
187 668
188 434
189 437
190 538
191 13
192 73
193 161
194 53
195 534
196 223
197 671
198 105
199 376
200 315
201 27
202 227
203 706
204 636
205 680
206 147
207 72
208 632
209 633
210 738
211 323
212 611
213 542
214 102
215 679
216 506
217 67
218 573
219 722
220 189
221 436
222 482
223 580
224 288
225 367
226 718
227 727
228 365
229 101
230 287
231 591
232 672
233 157
234 316
235 180
236 495
237 542
238 112
239 187
240 245
241 673
242 540
243 205
244 10
245 107
246 472
247 129
248 38
249 713
250 26
251 112
252 742
253 635
254 487
255 369
256 133
257 518
258 31
259 154
260 323
261 227
262 737
263 296
264 535
265 67
266 265
267 368
268 378
269 481
270 134
271 47
272 248
273 552
274 27
275 211
276 231
277 742
278 168
279 363
280 586
281 63
282 743
283 136
284 718
285 402
286 636
287 394
288 164
289 689
290 75
291 424
292 636
293 617
294 540
295 501
296 571
297 259
298 47
299 467
300 739
301 571
302 205
303 20
304 219
305 447
306 686
307 181
308 292
309 38
310 517
311 171
312 248
313 300
314 716
315 495
316 179
317 297
318 636
319 455
320 499
321 12
322 467
323 237
324 455
325 264
326 109
327 420
328 453
329 613
330 323
331 48
332 263
333 254
334 113
335 586
336 532
337 409
338 328
339 272
340 466
341 602
342 563
343 568
344 275
345 371
346 650
347 364
348 64
349 259
350 642
351 455
352 554
353 513
354 742
355 526
356 418
357 666
358 43
359 729
360 74
361 553
362 446
363 469
364 439
365 198
366 591
367 138
368 695
369 337
370 714
371 701
372 646
373 207
374 580
375 519
376 445
377 383
378 22
379 193
380 127
381 744
382 132
383 61
384 380
385 315
386 712
387 287
388 435
389 166
390 707
391 563
392 441
393 437
394 416
395 1
396 713
397 362
398 137
399 711
400 721
401 219
402 501
403 153
404 49
405 23
406 481
407 677
408 98
409 719
410 214
411 465
412 583
413 52
414 475
415 430
416 386
417 321
418 23
419 483
420 466
421 606
422 681
423 151
424 14
425 31
426 607
427 71
428 221
429 641
430 307
431 405
432 254
433 175
434 334
435 221
436 94
437 251
438 415
439 445
440 174
441 277
442 633
443 373
444 361
445 616
446 393
447 65
448 59
449 485
450 130
451 693
452 495
453 31
454 611
455 645
456 74
457 632
458 672
459 540
460 527
461 665
462 699
463 417
464 490
465 529
466 715
467 749
468 686
469 361
470 588
471 477
472 707
473 143
474 640
475 302
476 630
477 406
478 527
479 294
480 580
481 497
482 377
483 284
484 158
485 433
486 639
487 182
488 649
489 363
490 402
491 521
492 158
493 545
494 434
495 404
496 637
497 174
498 108
499 7
500 278
195 407 38
154 405 39
337 343 5
92 388 11
112 423 45
190 231 12
47 349 47
218 317 9
207 236 11
287 367 1
79 105 38
115 472 22
287 481 42
143 424 16
74 468 47
70 348 26
160 334 23
83 119 42
276 458 18
5 296 8
267 396 38
91 293 42
38 450 22
221 491 43
12 95 9
230 296 50
47 70 26
9 133 28
70 391 46
274 445 23
125 236 22
85 393 18
446 474 1
176 224 11
97 243 45
260 499 25
178 267 8
80 156 45
70 99 17
430 487 44
155 338 47
10 500 49
244 335 11
340 358 28
119 226 2
229 340 37
1 377 49
155 210 11
263 415 27
89 357 19
158 258 21
91 167 42
122 283 15
196 344 13
272 414 3
139 482 49
95 411 4
273 388 48
173 375 19
38 143 38
112 440 32
143 471 49
45 248 41
362 420 49
286 440 19
79 159 13
204 276 8
74 207 34
288 384 5
31 316 12
67 338 48
62 241 26
126 212 49
230 315 45
77 376 48
31 161 35
213 231 45
16 142 2
107 120 45
240 443 16
171 291 37
21 287 2
328 482 33
24 89 36
136 436 22
102 328 3
198 451 8
181 193 47
93 183 45
1 216 49
276 291 23
71 494 30
33 492 15
5 229 33
484 494 35
151 396 3
284 415 6
106 436 33
177 432 42
68 452 47
127 488 39
60 350 3
252 414 27
125 386 39
18 382 13
216 292 2
36 497 17
412 440 26
95 273 7
141 225 36
74 432 17
223 233 30
312 456 4
38 59 41
79 100 36
195 266 46
302 430 39
460 473 36
56 326 43
204 413 10
36 398 1
289 475 9
113 455 47
299 495 40
50 163 48
122 387 16
460 466 35
182 428 24
188 451 14
409 435 33
357 365 28
225 233 21
236 372 18
271 400 1
202 292 38
49 377 49
338 391 21
258 459 35
53 57 49
294 490 34
211 295 22
328 390 40
294 296 4
131 145 10
110 364 2
317 367 11
228 244 38
3 351 7
209 309 8
225 491 37
94 367 25
288 313 42
413 442 46
163 186 30
109 447 14
33 270 6
168 351 35
289 477 17
163 384 41
112 303 10
403 473 24
110 257 17
27 199 43
22 260 43
127 304 24
260 323 32
15 381 46
143 206 35
111 233 14
287 405 7
144 227 30
53 364 2
123 429 6
182 356 46
41 343 28
110 169 10
32 411 44
155 191 50
247 331 4
233 390 18
86 449 15
156 255 9
256 261 16
391 453 45
38 217 32
343 441 46
399 408 3
79 172 17
303 310 21
166 352 43
356 495 40
336 472 24
78 145 50
263 480 47
70 199 42
142 422 45
249 408 28
174 449 19
50 156 35
166 226 34
101 235 13
25 66 50
364 374 17
373 479 46
139 207 26
249 337 34
31 294 20
317 382 48
23 250 37
178 289 11
17 67 45
199 269 35
151 485 16
47 146 29
66 296 35
248 459 47
30 172 2
206 273 28
221 325 47
157 229 39
161 315 40
288 433 44
199 315 21
390 409 30
57 343 3
86 298 46
334 473 29
207 282 8
257 362 43
33 344 1
270 271 2
220 432 15
190 291 23
134 315 13
209 438 12
88 251 1
238 293 13
123 240 10
199 331 34
303 466 22
141 147 22
81 423 24
166 394 5
219 230 33
346 412 36
181 391 16
51 426 21
34 152 40
11 17 40
166 221 9
183 491 22
30 484 5
194 454 10
41 409 49
333 336 15
252 438 31
226 312 14
39 444 11
63 474 49
171 200 25
93 480 46
423 432 41
277 338 2
154 468 11
33 42 4
37 498 10
79 141 19
83 240 3
26 205 27
203 275 13
335 382 16
22 34 31
101 426 48
192 238 45
139 196 42
61 293 39
89 236 50
158 259 31
252 279 4
232 419 32
364 434 5
38 383 1
262 469 37
209 385 19
272 472 14
147 196 9
377 438 3
232 295 3
168 244 45
203 283 48
256 422 15
10 337 25
53 429 31
47 316 31
6 55 9
285 482 36
89 201 25
179 200 30
49 227 34
154 349 6
411 417 13
283 379 27
37 328 29
177 219 26
222 249 43
33 285 1
368 449 46
391 421 17
109 132 17
32 83 3
328 460 9
272 387 44
200 378 40
40 65 23
135 274 29
218 303 6
114 135 41
245 473 33
35 384 18
72 206 25
80 231 17
372 387 49
62 232 8
220 263 33
350 394 9
193 224 11
166 391 11
116 232 4
298 422 21
58 233 40
155 233 2
209 321 23
119 199 50
336 341 15
167 192 50
173 286 27
23 409 22
368 370 1
166 485 28
113 421 9
60 435 23
199 427 12
247 401 36
59 292 22
194 284 35
401 452 24
163 205 15
71 178 21
189 247 4
90 116 29
91 447 19
56 351 34
30 470 34
96 435 9
25 429 10
104 492 31
65 108 43
352 383 12
79 405 32
51 451 21
110 352 45
235 476 17
9 161 32
65 78 28
94 308 2
41 230 37
223 389 46
304 360 49
69 313 29
278 483 2
304 464 33
185 307 32
205 499 9
34 387 17
171 271 43
13 434 38
31 483 29
106 491 45
464 495 13
72 369 45
233 317 2
103 188 36
186 255 45
234 296 6
19 89 1
460 462 20
220 427 49
184 423 21
4 78 16
403 477 13
47 283 40
58 486 26
379 436 6
155 300 14
104 155 13
37 57 50
33 358 44
133 440 22
110 184 4
12 343 35
124 222 49
146 500 19
334 412 39
310 404 6
367 383 29
344 389 26
233 318 8
139 347 1
181 483 25
222 377 22
224 293 50
212 424 38
28 222 23
100 422 18
101 104 3
451 474 5
64 348 23
299 315 36
162 313 20
149 400 42
241 469 27
1 9 14
21 409 18
126 296 19
17 59 48
43 58 30
242 445 42
273 452 26
464 477 25
133 358 44
199 465 29
15 284 48
115 476 24
129 205 3
425 445 22
186 314 22
131 484 12
34 265 27
168 186 28
282 370 38
30 332 5
330 346 8
195 295 25
178 492 28
96 253 45
29 256 1
4 199 19
161 320 13
45 249 3
92 330 3
315 336 44
337 349 12
237 289 7
292 362 48
129 441 48
253 397 40
173 255 43
273 375 11
258 483 10
298 449 5
61 365 12
196 263 24
172 281 30
321 472 12
221 418 46
405 473 37
257 492 35
116 186 37
304 465 29
176 339 30
406 437 28
66 385 40
104 364 50
32 315 32
421 464 28
449 500 6
47 474 44
279 323 2
402 430 47
349 371 39
224 455 42
321 387 10
335 458 1
9 241 39
241 299 33
79 148 2
75 212 40
65 130 46
96 160 44
47 121 3
102 189 17
450 462 38
114 127 37
50 227 14
23 193 17
15 66 43
3 256 22
38 289 41
272 426 17
93 166 20
260 394 37
309 324 46
55 279 16
7 404 5
229 294 50
387 404 6
94 118 2
14 38 4
30 149 35
153 323 29
43 301 45
356 434 12
80 415 25
108 153 13
88 291 13
134 397 37
133 497 37
330 450 28
121 416 18
100 459 47
335 412 36
484 488 30
276 354 43
31 203 30
95 168 15
177 375 10
118 262 10
79 286 49
142 386 25
52 366 30
11 257 14
36 332 28
262 289 39
186 498 8
320 359 47
412 435 25
2 75 37
164 346 26
236 440 21
192 370 43
223 470 29
430 438 23
52 475 22
266 279 27
45 398 2
84 406 43
88 425 28
209 473 30
23 324 13
63 265 5
65 485 35
221 499 37
220 454 9
1 470 32
140 373 2
139 323 34
93 156 10
289 391 7
177 307 14
208 285 1
84 112 7
188 295 19
112 473 18
66 107 15
163 296 37
1 146 12
243 344 1
132 476 47
26 286 23
73 327 27
398 478 17
323 377 49
380 386 32
64 411 6
347 447 32
31 209 7
240 243 21
30 389 44
67 71 28
123 354 3
56 470 14
344 435 36
428 472 15
23 489 19
126 394 21
62 140 41
66 170 19
273 335 9
212 409 41
200 319 13
88 375 48
262 493 4
289 378 34
343 399 4
295 342 24
147 157 35
4 128 19
87 441 48
33 152 28
27 115 34
13 492 2
147 478 41
130 440 47
211 264 30
85 374 37
37 453 31
52 56 20
3 174 48
11 278 34
55 412 20
81 440 24
446 484 44
254 279 8
262 410 4
235 286 1
64 383 31
196 201 23
87 411 38
91 396 46
38 354 2
319 474 10
264 448 50
190 426 36
70 408 10
169 351 26
37 83 44
380 476 30
323 390 11
136 479 48
146 461 37
297 351 35
146 464 33
173 270 11
266 271 46
74 386 43
104 331 11
220 225 9
218 326 34
397 500 17
124 374 26
123 378 8
74 227 4
187 353 45
244 492 8
271 392 31
35 427 42
154 396 34
96 106 6
247 384 27
15 351 3
398 438 43
5 247 42
366 467 45
141 328 5
466 484 14
122 426 50
312 408 23
22 26 50
258 331 4
258 482 3
106 109 45
18 372 44
67 205 10
211 248 12
233 364 23
266 362 41
190 429 29
173 366 48
241 441 42
206 454 6
6 368 36
152 282 14
111 321 15
306 321 29
176 281 50
1 165 15
10 29 29
303 475 13
50 378 49
55 63 36
177 324 49
3 422 4
86 332 46
200 374 9
166 389 2
73 364 45
53 55 33
124 392 45
8 148 34
178 334 38
177 276 28
118 258 47
190 298 21
52 114 12
17 299 42
150 418 16
67 417 41
86 147 15
65 203 39
21 299 15
75 418 7
10 367 36
142 349 15
294 432 48
255 462 20
73 367 18
430 437 11
131 431 24
15 104 9
117 221 13
1 384 15
259 405 12
37 464 48
12 169 45
49 425 47
271 330 11
22 122 48
37 380 26
110 131 28
347 430 28
169 183 49
158 220 38
132 403 18
54 366 5
346 367 25
44 496 22
127 258 9
284 403 18
56 102 4
37 353 50
91 470 39
250 341 50
255 261 21
9 266 31
253 444 17
276 424 2
146 222 38
328 462 44
19 34 17
329 385 30
253 417 11
282 312 9
195 325 21
326 442 13
37 292 14
149 154 20
132 462 46
236 301 11
357 376 47
39 207 2
158 194 16
305 319 11
52 492 45
427 471 37
387 482 33
2 119 23
65 244 22
122 180 6
496 499 21
238 320 48
45 322 14
74 357 37
48 114 15
192 433 34
110 407 46
42 325 3
174 246 1
420 494 8
120 208 26
433 466 36
75 495 28
65 385 18
357 414 17
325 369 31
68 131 29
397 447 41
86 144 27
360 417 49
99 277 34
33 268 5
89 99 36
377 473 24
393 474 36
289 344 47
54 140 23
27 136 10
457 491 34
34 238 2
237 438 16
71 109 5
92 111 23
441 482 40
3 313 47
214 358 39
255 362 15
24 222 19
146 244 30
344 485 47
182 456 37
91 148 46
17 274 39
49 170 46
84 130 45
192 424 10
81 244 1
90 313 6
348 499 50
405 494 50
100 161 37
188 206 15
82 475 42
177 301 14
75 410 15
117 397 32
110 366 30
154 363 49
267 406 29
414 477 44
21 24 13
140 298 1
233 340 44
139 245 24
464 487 5
324 489 12
397 471 25
132 428 28
129 494 3
32 143 8
407 449 26
136 409 22
317 319 46
76 325 34
64 340 24
40 124 23
243 444 23
1 435 21
340 349 32
114 409 50
6 303 39
28 444 40
288 357 25
231 345 15
333 493 22
290 429 5
202 272 13
9 154 7
143 398 12
145 414 5
209 436 24
48 135 40
354 437 4
19 449 3
296 440 13
363 492 46
71 222 47
358 482 39
155 411 2
247 459 33
59 241 22
88 331 50
27 380 1
348 492 19
186 473 9
49 423 32
85 476 30
441 442 16
139 383 9
39 400 33
319 486 47
45 332 32
70 205 15
177 279 37
232 429 13
163 342 22
140 236 23
105 380 13
117 136 24
80 473 3
332 471 1
78 172 21
64 378 30
31 418 44
126 140 47
44 161 18
206 292 21
412 477 38
89 301 17
262 349 32
155 218 1
106 292 10
187 342 40
32 454 41
52 495 39
310 466 31
122 408 29
5 387 5
63 449 29
339 381 42
135 369 45
56 401 1
14 143 21
15 364 13
6 381 46
67 491 30
5 143 34
291 389 38
16 141 29
139 356 7
8 278 28
255 376 16
453 494 48
257 384 17
159 275 27
50 169 12
101 298 39
162 401 34
62 439 44
170 226 31
16 148 7
12 121 29
192 210 50
218 465 31
125 341 25
279 443 47
168 442 12
317 476 43
334 376 27
170 397 10
100 131 13
199 349 32
67 171 41
111 284 10
29 444 18
219 302 16
324 406 50
348 430 39
124 155 5
242 342 9
265 460 9
33 153 39
2 375 23
6 347 48
340 362 6
191 282 32
165 384 36
1 185 43
430 453 35
490 499 21
15 152 9
35 306 50
89 232 34
135 383 37
75 86 49
110 392 33
219 266 10
143 361 30
17 464 14
429 448 18
257 399 18
223 256 28
241 254 4
147 419 47
117 216 8
277 417 34
96 416 46
10 312 46
81 431 5
28 148 45
10 429 47
299 330 30
74 389 26
2 225 25
58 454 43
357 391 18
270 425 12
60 392 47
329 346 7
155 463 10
84 186 38
79 430 27
8 254 4
131 139 37
29 379 36
294 483 6
120 301 7
115 200 25
318 380 23
88 440 1
381 471 4
97 483 7
163 204 41
33 202 27
275 326 17
62 171 50
97 369 25
201 335 5
283 404 43
227 479 1
35 48 40
16 162 25
197 379 19
381 450 16
195 227 32
153 490 30
17 366 4
21 137 40
276 432 28
161 440 11
210 233 49
127 128 13
231 403 5
430 478 32
4 273 9
13 409 8
79 436 24
285 489 8
313 400 29
159 383 43
289 296 26
213 374 29
171 449 44
141 350 9
117 205 7
476 500 4
342 411 32
7 327 21
330 336 21
187 345 11
24 405 37
354 480 44
427 428 10
6 220 37
207 362 44
287 462 7
379 423 35
149 198 43
197 398 6
272 393 12
428 435 23
174 206 18
128 195 11
34 143 40
8 488 23
12 288 22
40 140 32
103 411 9
387 476 16
69 118 20
256 324 17
430 485 8
265 422 21
253 371 35
52 221 37
30 376 20
432 495 3
6 43 37
292 485 45
76 215 48
64 153 26
284 498 45
400 410 45
277 456 13
52 424 47
63 127 1
51 360 22
208 291 37
47 492 21
254 420 23
36 73 26
285 415 30
36 479 31
211 338 34
271 307 37
416 463 31
99 340 36
26 330 2
284 382 16
67 311 1
132 207 3
60 291 25
304 497 20
155 335 49
24 150 29
275 325 31
163 211 7
132 390 21
62 449 11
140 451 13
327 376 13
166 408 9
32 323 32
12 442 4
12 232 44
101 227 26
13 83 28
38 292 43
192 212 31
46 88 12
116 233 20
163 288 2
284 452 17
366 388 10
354 385 46
257 467 30
141 294 50
51 167 44
139 168 23
30 426 48
419 485 49
335 447 2
270 365 16
265 322 23
451 458 41
106 484 13
140 142 28
215 219 43
295 426 30
42 260 50
244 311 38
318 401 28
224 248 13
277 423 11
293 404 42
119 167 12
274 422 2
129 495 28
224 361 36
199 441 21
105 481 46
254 473 42
152 191 18
316 443 49
121 412 16
375 442 32
108 452 26
200 239 7
285 452 11
59 307 36
9 223 40
92 118 31
110 120 1
158 441 4
404 500 25
103 497 15
259 437 44
48 211 27
242 434 17
131 452 41
89 419 6
134 371 41
106 381 6
168 392 17
96 230 1
331 408 43
28 473 25
113 308 50
11 104 50
137 188 9
58 79 34
219 499 18
182 416 49
75 419 46
79 450 35
293 387 30
253 423 29
216 359 21
68 80 16
54 342 6
339 401 34
34 324 8
264 443 25
50 77 12
191 230 17
126 245 45
407 425 17
323 395 1
31 225 21
232 398 23
119 168 40
63 147 9
16 105 22
27 142 10
5 321 10
114 250 8
19 361 35
25 301 40
375 398 49
362 451 31
186 336 45
147 301 2
38 389 20
34 113 15
403 469 44
33 301 2
134 386 28
395 486 22
337 379 2
130 331 10
34 109 34
92 160 5
356 366 40
180 383 14
153 491 11
349 418 17
144 479 10
221 294 28
53 152 26
249 500 31
84 430 12
94 303 43
252 430 25
199 257 21
16 182 45
182 319 31
284 328 8
113 208 27
118 435 27
432 434 21
48 125 42
218 393 5
67 229 46
231 396 16
87 220 50
17 499 49
173 388 10
361 429 33
267 379 49
210 298 35
18 344 6
168 335 42
117 309 30
24 458 24
162 455 26
112 385 39
232 264 18
170 197 14
32 460 45
178 359 30
146 180 25
106 204 43
129 237 48
142 488 1
107 477 23
122 308 18
11 52 47
330 409 50
108 158 39
178 374 22
43 156 14
199 243 34
62 114 22
267 463 13
142 145 29
311 367 32
346 402 5
150 350 18
14 232 2
216 324 29
86 329 36
75 386 10
104 264 16
88 494 22
140 328 36
104 106 7
251 384 49
386 436 2
197 230 40
186 232 36
21 349 3
277 315 36
198 483 40
171 499 4
80 123 34
210 214 36
138 385 21
366 382 42
12 366 18
420 435 31
190 421 43
200 367 29
385 438 18
215 369 22
23 32 29
239 339 23
293 439 42
8 256 38
313 428 14
178 337 27
155 394 8
58 162 13
43 279 36
297 411 47
72 493 15
287 357 29
6 54 44
73 379 18
164 419 11
130 325 20
2 466 8
50 179 2
48 59 43
11 229 20
131 193 50
144 168 22
12 421 1
129 343 14
108 358 28
143 459 10
123 209 45
460 491 15
32 239 25
69 228 12
166 230 4
148 313 19
41 144 15
331 418 50
342 452 3
144 413 36
219 281 17
90 159 6
227 237 46
158 183 42
420 453 41
75 192 37
154 346 6
70 454 44
6 299 22
245 394 25
114 271 5
37 489 35
271 406 25
136 386 21
238 342 50
26 169 18
133 341 19
15 498 10
229 483 36
168 178 26
140 280 18
102 429 32
220 409 50
32 175 37
35 322 34
275 476 20
211 335 38
14 379 37
235 366 17
43 444 2
308 377 20
54 142 18
74 154 40
102 441 19
163 420 1
178 390 15
70 91 11
122 420 17
245 330 43
237 300 16
101 136 22
83 299 18
74 176 30
366 477 17
10 474 28
34 339 27
211 400 32
324 390 10
197 244 46
431 462 44
364 418 15
8 115 35
329 416 10
196 324 12
21 48 7
106 126 17
141 498 40
60 91 29
207 229 5
135 190 15
59 481 9
72 79 22
131 283 15
148 184 49
152 274 36
295 365 6
384 484 13
18 307 49
411 443 19
79 428 28
161 419 18
65 202 42
399 400 42
213 452 19
1 407 14
40 164 45
254 432 26
297 386 43
60 391 4
207 279 10
294 398 14
299 410 35
52 477 49
29 449 26
32 495 40
350 406 10
9 74 23
191 323 18
8 70 33
68 398 1
15 488 9
360 446 29
241 416 49
42 409 4
133 279 10
380 401 1
158 375 28
208 242 1
222 392 4
178 442 18
32 381 7
16 307 41
367 484 43
205 259 46
168 348 22
49 119 33
273 348 39
80 349 22
200 478 11
119 223 4
41 426 29
327 329 18
5 309 21
180 235 41
425 449 9
86 292 16
321 465 5
280 366 33
23 469 33
157 381 37
283 375 37
146 176 18
213 372 22
71 435 42
144 276 45
161 335 19
369 433 46
28 177 12
208 499 9
217 468 11
14 420 15
128 354 50
180 268 36
120 360 3
408 474 28
145 440 50
162 406 43
147 302 22
254 355 27
81 354 34
147 379 4
92 327 34
237 338 33
139 376 42
270 404 22
280 334 42
190 341 3
114 443 32
151 318 14
144 286 35
96 430 10
109 293 43
285 473 50
109 278 6
235 474 50
46 295 7
19 488 2
54 432 1
93 280 1
102 167 24
27 29 32
56 259 13
129 496 41
93 297 35
102 161 47
58 475 15
99 194 2
153 488 19
272 386 33
138 216 33
201 399 4
260 328 45
409 413 12
287 315 36
71 408 5
133 175 19
59 483 9
37 391 24
153 193 49
255 430 2
179 186 6
248 253 4
400 421 29
20 155 36
369 489 24
386 494 5
107 460 42
147 162 26
361 430 35
32 36 23
409 494 37
205 293 4
134 345 11
195 214 44
194 259 34
149 369 23
242 479 22
186 388 27
132 376 25
154 206 38
2 158 38
297 477 27
125 136 6
23 319 17
102 120 50
300 459 21
280 420 41
101 177 47
45 290 40
158 421 4
18 359 23
9 55 37
52 308 32
47 405 44
369 466 36
399 457 5
41 221 48
304 372 6
107 375 38
283 350 42
234 300 12
37 165 49
177 247 29
294 441 30
314 408 3
446 454 34
70 229 32
98 218 25
61 149 36
376 419 24
247 405 39
76 205 39
23 365 35
188 373 21
184 484 32
38 369 16
411 472 29
296 361 36
118 183 43
273 437 31
195 469 18
230 356 8
429 488 1
165 231 24
140 496 16
434 475 26
130 475 29
219 247 6
106 291 23
243 429 17
74 121 12
34 134 43
200 306 48
37 221 47
128 267 39
119 165 40
164 297 40
200 442 23
281 403 47
120 448 1
12 281 31
162 204 14
180 347 5
119 170 37
406 450 23
66 102 3
247 321 20
231 419 49
382 412 48
221 334 41
108 115 39
58 328 39
58 322 12
208 378 6
275 363 50
346 498 3
165 315 22
161 403 12
203 464 23
396 439 32
187 392 3
273 439 24
316 363 7
101 408 10
82 385 29
7 409 19
124 315 13
97 298 1
66 342 3
267 320 42
3 347 3
30 498 35
353 486 31
112 312 27
192 254 13
185 452 5
157 393 27
240 282 26
370 384 44
305 338 24
284 429 8
25 448 14
130 308 1
77 90 11
292 386 35
374 481 2
8 472 29
42 158 20
2 202 23
261 380 48
6 263 27
76 192 44
212 327 24
187 411 2
414 467 26
49 200 13
284 455 33
43 147 36
149 462 17
61 491 46
57 335 23
21 56 7
328 365 15
211 408 45
292 338 48
1 239 39
270 368 32
41 131 36
279 337 7
163 175 6
221 455 42
213 226 34
19 325 18
106 306 4
270 298 42
74 398 33
179 401 32
201 267 25
8 419 49
171 473 47
318 340 28
195 238 39
309 475 24
315 403 11
109 200 6
19 276 24
188 213 16
104 466 48
293 447 48
105 410 27
58 462 4
115 155 14
139 231 10
128 417 50
371 464 3
71 279 48
29 498 23
270 437 5
188 312 16
193 400 45
41 490 14
24 201 45
353 380 21
43 152 2
148 389 6
6 235 29
161 271 9
137 233 24
272 385 22
122 173 7
306 416 48
89 213 27
173 466 20
10 180 26
273 460 7
321 364 16
47 133 40
213 498 1
6 455 42
53 130 10
233 244 6
36 311 1
34 93 8
142 284 8
38 419 5
200 414 32
143 493 35
182 341 38
11 169 37
57 202 42
110 377 14
93 419 30
34 393 22
365 472 30
231 235 23
276 450 24
332 481 49
223 457 32
7 344 24
157 238 14
18 82 9
16 336 36
205 247 4
169 284 17
127 215 12
77 133 41
54 298 26
22 441 43
91 159 41
100 305 38
170 426 15
219 240 22
123 425 24
22 453 2
266 500 23
175 203 2
27 267 15
80 396 19
229 423 35
342 477 23
41 106 21
126 250 19
80 245 2
341 374 43
43 151 9
7 40 7
377 480 5
211 251 25
196 391 31
235 275 32
106 331 8
128 376 24
165 421 1
35 358 41
172 232 31
357 470 20
97 484 12
110 332 46
35 362 20
34 418 20
297 451 27
423 494 48
226 421 24
97 253 42
287 350 6
127 151 28
84 458 13
108 497 50
125 420 45
43 493 44
273 364 44
416 483 28
91 441 37
100 462 49
227 376 50
353 481 19
42 380 13
86 402 20
117 158 17
394 421 39
432 437 14
108 150 40
6 479 36
411 451 46
114 260 20
394 459 24
16 244 31
25 323 37
262 465 26
19 56 28
182 432 40
75 209 5
344 356 31
326 332 46
248 381 16
118 243 20
140 377 35
152 255 12
339 485 35
423 452 46
177 368 44
99 201 8
10 345 16
176 198 38
92 249 11
112 257 22
125 149 37
266 463 32
136 328 3
380 405 24
80 242 41
322 485 3
120 227 23
5 470 18
310 485 17
120 139 32
334 416 40
193 424 33
395 409 34
20 448 15
73 451 6
183 231 13
8 348 40
279 384 13
15 54 31
45 171 45
134 322 37
63 379 17
278 442 18
1 348 11
89 137 24
110 168 39
158 313 10
58 442 49
155 212 46
221 349 1
25 44 14
141 331 12
343 489 35
78 384 12
148 235 36
5 268 49
101 406 1
331 466 14
170 478 43
40 271 13
206 499 4
210 429 9
115 120 27
84 379 32
326 373 24
60 211 5
317 338 26
7 478 43
200 213 42
55 140 12
22 30 12
228 343 40
309 444 13
12 92 4
180 221 13
34 151 36
141 228 17
145 328 33
322 350 32
9 76 11
22 156 48
141 340 30
355 463 46
62 207 13
141 370 33
11 399 40
287 362 12
7 20 4
403 494 1
285 444 42
314 379 8
86 443 1
215 394 15
351 407 47
191 260 6
218 485 5
60 410 12
123 414 35
123 309 43
134 441 11
148 224 15
192 441 34
206 456 32
202 299 20
23 314 16
255 325 12
213 352 48
134 171 13
284 367 20
282 428 35
51 122 41
13 368 35
107 302 20
22 492 13
174 392 3
72 311 10
232 347 32
461 494 34
238 351 19
67 190 9
113 188 20
402 464 19
195 251 31
163 488 48
151 294 10
154 466 28
61 187 2
54 138 15
135 327 10
410 454 26
9 194 41
49 363 13
182 243 20
290 310 39
128 176 8
295 377 21
69 479 41
68 168 19
23 223 31
343 426 22
77 320 50
129 264 18
407 419 38
194 238 27
194 360 7
257 262 27
335 399 33
97 416 46
272 499 10
267 493 16
153 305 17
87 472 21
24 96 14
307 483 23
18 135 4
153 361 22
82 372 1
206 493 8
25 485 49
18 366 15
205 266 38
104 290 34
19 247 1
8 59 40
366 409 11
181 223 29
136 344 3
96 135 25
305 444 4
22 106 8
51 329 20
55 85 20
297 304 27
419 443 8
69 499 5
8 332 23
41 57 17
24 455 41
357 358 41
166 350 41
40 362 23
347 466 27
102 359 47
221 421 44
165 179 2
224 276 7
107 461 6
150 479 15
51 254 32
83 243 42
110 421 3
270 364 8
339 373 17
35 460 25
56 175 16
173 371 46
444 458 4
145 393 17
166 222 12
73 245 50
85 94 19
149 499 7
7 428 45
214 346 19
284 337 32
494 500 45
204 441 41
102 479 22
248 412 12
145 170 1
115 350 27
33 134 50
255 349 8
350 360 12
279 315 27
87 426 23
222 403 38
392 489 42
48 128 11
21 279 37
345 475 26
24 282 48
259 397 46
279 311 35
430 481 36
28 310 50
117 390 25
361 377 3
408 437 10
224 453 39
262 315 33
144 369 19
161 301 50
13 277 22
308 484 25
406 496 39
363 462 42
339 490 43
185 499 18
359 381 19
199 479 33
80 321 29
135 408 19
417 439 34
36 52 25
267 338 50
114 451 35
254 491 22
339 439 48
138 299 40
219 471 12
319 345 38
203 300 11
243 441 37
191 299 22
170 206 10
267 282 40
17 341 44
311 372 38
61 444 38
61 75 41
309 326 1
137 377 31
153 350 7
200 440 6
270 458 29
285 428 9
218 337 5
3 268 49
470 489 8
486 487 46
204 460 23
133 405 23
410 498 17
112 421 25
292 415 13
317 438 6
322 361 1
19 51 33
14 215 25
172 280 40
117 146 29
44 62 30
193 216 38
32 122 16
7 178 31
178 348 19
172 411 26
22 470 7
209 342 12
160 323 31
237 280 13
207 334 34
3 161 26
98 285 4
405 455 1
2 112 1
223 249 49
297 337 29
163 394 5
8 316 30
348 402 17
219 268 3
163 297 3
18 50 46
79 395 21
113 159 32
59 358 30
67 486 17
299 486 30
117 183 4
122 298 41
342 435 3
123 357 36
215 318 18
225 267 20
94 477 14
25 363 8
18 328 27
185 231 34
39 191 6
345 469 2
164 335 48
21 182 36
119 146 48
125 184 23
346 454 11
22 43 13
81 238 49
254 357 49
27 340 20
225 240 37
192 328 49
271 402 49
162 358 26
183 498 29
44 452 38
182 493 37
221 332 9
84 225 31
239 489 42
282 329 39
339 483 19
251 409 38
363 455 28
14 359 17
15 431 15
190 461 36
238 464 6
94 354 16
331 343 11
90 405 31
110 203 1
248 275 20
146 196 37
18 373 17
67 216 28
121 397 18
174 212 17
145 288 6
347 455 32
86 237 12
309 404 10
309 403 27
109 181 21
382 437 18
2 382 1
218 416 30
43 362 45
186 192 7
163 492 26
82 105 20
197 452 11
238 391 36
166 484 11
320 490 7
92 205 47
421 431 10
128 408 46
309 384 13
67 279 24
151 281 2
52 138 4
30 61 20
386 489 39
401 416 23
40 227 31
251 479 46
152 471 1
18 79 20
64 230 26
110 306 17
278 407 48
181 286 34
55 66 24
437 457 5
338 465 16
369 488 34
206 343 27
115 245 46
6 29 3
140 243 39
43 179 8
277 286 2
110 239 45
38 441 19
131 400 5
49 248 38
150 339 49
327 421 8
425 467 26
216 316 48
14 127 3
131 445 22
296 484 7
264 397 23
75 91 40
4 445 18
184 486 19
15 289 32
235 370 12
112 307 23
22 189 34
317 339 26
203 312 50
64 142 14
321 485 44
475 479 6
225 394 30
98 147 39
379 435 46
291 317 5
135 315 47
91 247 14
211 395 29
114 458 18
318 410 8
272 361 40
17 440 27
392 472 27
98 455 22
16 214 32
70 393 2
11 379 13
216 464 36
172 229 7
443 454 14
190 300 35
413 462 38
112 395 14
246 360 25
352 382 6
271 404 20
402 496 15
300 400 16
43 454 16
186 195 43
116 475 6
14 40 32
136 186 47
168 395 23
155 289 39
334 488 32
251 414 19
49 108 30
274 353 29
19 395 3
16 324 2
232 334 6
374 420 15
62 467 27
35 340 46
341 418 44
91 124 11
19 363 16
364 464 21
62 185 5
214 413 28
202 455 15
202 441 21
160 440 23
36 485 9
182 210 38
128 289 2
290 487 1
75 88 4
317 340 41
251 350 42
143 289 2
309 381 32
135 472 11
383 480 4
173 429 42
302 485 22
49 150 7
325 356 23
98 489 5
366 448 31
174 234 22
165 221 33
90 362 8
108 429 5
21 447 40
47 87 30
122 321 6
346 394 43
385 497 18
238 384 46
39 347 21
345 360 3
170 450 25
83 233 42
176 329 49
278 429 48
125 436 28
183 497 39
159 389 18
147 418 19
74 490 35
114 133 15
298 394 16
191 450 40
269 398 27
176 393 45
416 473 37
94 414 19
182 299 32
208 374 12
55 281 17
136 306 22
19 74 15
295 452 37
69 300 37
205 386 46
289 291 2
33 138 25
60 266 26
87 445 32
210 359 11
92 495 28
76 255 16
66 434 42
190 433 33
78 190 28
320 321 16
314 442 29
147 310 43
139 153 10
146 178 33
1 176 7
88 374 29
275 342 34
83 377 20
379 433 37
136 443 30
80 326 47
124 314 13
112 203 10
47 462 26
196 292 34
437 478 38
158 273 34
78 495 16
32 241 9
317 433 26
19 388 35
111 153 47
233 371 16
199 253 39
55 369 41
208 441 5
38 174 3
53 67 9
56 257 11
171 379 29
178 350 2
292 424 44
449 468 43
85 309 28
264 269 48
105 256 23
99 379 49
34 60 37
475 497 16
157 418 31
360 409 32
93 96 36
129 373 27
176 356 34
157 272 8
34 169 1
157 201 48
144 455 40
263 463 15
404 469 39
253 278 21
147 441 38
185 289 39
215 348 27
207 221 39
397 493 9
59 77 40
61 192 7
85 401 30
30 184 37
452 475 9
213 224 44
239 344 46
245 388 50
24 380 39
66 146 7
228 440 11
82 246 4
228 347 3
63 242 48
201 477 10
437 455 30
195 305 2
52 196 32
144 375 30
83 263 1
155 267 23
338 383 46
411 440 11
243 361 27
175 186 33
150 161 27
372 482 47
62 369 7
220 232 22
121 408 32
56 417 22
175 220 6
308 474 47
155 274 36
16 151 6
126 257 20
311 420 41
98 299 10
107 134 31
255 432 42
344 398 44
343 471 11
46 170 19
36 442 39
123 353 32
346 473 38
427 449 19
273 445 25
1 46 40
285 410 9
175 223 46
25 398 40
114 203 33
63 228 15
131 148 11
201 435 13
252 461 6
187 453 11
194 281 10
59 237 41
137 420 50
367 394 2
38 320 30
45 388 1
323 468 8
194 358 32
251 425 3
120 272 25
104 201 44
256 267 29
229 407 1
471 493 11
310 497 45
175 474 7
282 466 38
362 401 35
18 54 31
64 389 46
158 218 9
294 457 20
106 216 10
359 387 45
104 324 37
322 489 43
107 158 30
8 210 23
126 158 29
14 347 2
417 425 2
37 212 28
3 56 28
397 433 7
296 381 16
147 234 8
263 359 10
12 21 6
122 433 23
74 184 7
11 46 42
275 381 16
5 11 30
118 391 10
7 39 23
13 45 45
99 112 11
188 411 3
136 357 22
50 252 32
450 468 8
46 484 30
138 420 21
10 349 42
209 492 37
147 376 20
244 479 42
83 97 12
32 229 6
217 258 6
53 83 5
154 428 45
167 345 15
46 377 49
117 356 26
169 186 21
31 376 29
302 378 11
115 215 35
23 366 41
271 499 38
55 313 8
174 458 5
218 451 48
123 355 5
175 255 12
195 333 50
49 151 19
278 491 2
234 368 2
53 474 19
196 296 4
134 263 5
21 297 27
383 492 22
93 418 45
8 103 30
166 367 7
433 449 21
169 481 40
114 424 13
116 295 13
74 454 26
145 445 34
235 401 19
115 291 47
228 444 39
136 452 3
372 392 3
136 450 2
127 310 15
477 493 23
53 309 15
234 297 20
352 464 15
7 463 32
247 345 39
14 490 18
3 139 49
151 251 32
16 138 9
231 499 1
45 71 42
103 386 28
47 326 20
123 278 32
87 183 33
179 190 19
52 449 44
72 246 6
28 344 34
292 422 4
19 274 4
126 247 29
126 289 20
29 404 47
306 439 25
126 475 36
90 283 8
59 477 8
65 409 17
103 244 37
35 52 49
24 204 29
129 137 21
252 491 12
168 171 9
215 418 21
87 451 19
343 440 11
115 128 34
180 408 44
119 202 44
95 396 5
22 340 25
68 274 32
92 359 35
87 276 36
6 170 8
12 472 43
196 476 44
230 313 30
101 423 50
274 292 44
143 268 10
291 463 7
87 246 23
263 296 12
312 403 35
91 346 50
74 115 10
164 416 2
166 499 49
202 478 21
379 394 35
232 326 24
471 496 19
347 463 33
44 197 2
226 279 6
104 413 23
76 428 31
241 402 9
324 407 35
89 394 19
25 337 9
18 231 22
316 420 14
12 77 17
191 287 49
325 452 44
303 477 2
39 361 17
220 441 13
146 224 5
433 455 37
160 266 9
49 111 42
14 133 35
41 138 13
214 477 50
342 374 13
336 430 16
151 256 21
122 211 18
17 24 8
231 431 24
23 399 27
122 320 16
303 448 39
151 302 33
152 393 23
35 55 34
445 483 18
402 404 22
8 404 48
1 469 9
64 300 32
80 369 27
120 220 44
130 225 32
73 221 25
214 468 48
93 315 7
184 194 28
35 458 39
152 321 7
90 426 35
214 245 44
7 55 16
342 428 11
186 399 24
104 257 33
381 477 41
193 271 6
421 453 42
228 484 11
33 287 40
226 378 19
168 248 30
259 414 3
385 414 28
241 315 3
161 464 37
198 433 14
49 350 50
53 233 37
3 391 4
90 368 2
28 176 29
28 198 3
411 450 50
324 371 1
73 398 20
333 416 42
102 223 15
161 376 30
11 454 13
38 487 40
96 351 19
107 362 21
46 304 36
73 118 40
155 354 38
432 475 36
159 349 45
280 492 7
161 192 37
150 330 23
58 83 11
51 117 42
77 246 44
84 469 20
66 336 49
170 423 27
270 336 27
217 393 48
156 213 17
403 426 38
89 97 23
212 441 49
44 275 2
175 250 27
196 492 35
362 467 50
116 270 37
143 314 50
93 407 24
261 309 13
13 150 29
275 499 22
5 432 21
127 342 2
239 410 39
68 86 42
222 254 11
57 321 13
70 459 31
21 59 47
259 449 24
23 403 43
348 447 42
434 468 39
49 299 13
100 432 38
26 226 35
158 412 19
53 399 50
169 376 38
79 186 31
192 454 8
115 429 31
144 492 28
337 362 30
150 153 7
172 249 12
65 452 48
59 393 25
158 426 8
14 443 50
82 256 10
82 170 50
407 417 21
144 496 40
260 282 19
105 247 44
97 344 31
84 351 7
14 338 7
262 286 4
52 80 35
35 293 32
236 449 18
36 345 41
2 293 29
244 300 37
131 297 27
55 148 13
260 344 15
77 255 21
350 461 44
17 437 10
39 127 31
416 449 17
96 237 38
368 422 12
1 108 2
58 221 22
110 409 5
280 347 49
188 363 11
316 464 34
1 257 29
253 395 43
94 492 6
148 249 24
184 443 40
101 348 18
276 363 20
291 349 8
142 202 38
117 431 45
135 352 13
154 220 20
15 58 42
110 314 17
222 310 13
146 434 10
302 305 6
150 204 12
54 355 47
280 283 24
81 257 38
289 339 17
458 500 39
159 325 23
137 332 15
403 419 30
139 337 30
152 287 47
170 499 22
112 131 1
51 62 28
137 366 30
66 486 49
391 397 22
3 398 33
132 191 21
93 317 45
226 338 36
68 359 12
29 405 6
298 303 34
91 276 40
132 234 34
242 427 46
240 400 23
169 466 34
154 302 25
17 368 13
41 297 27
1 77 31
211 437 47
124 244 33
335 363 12
287 370 39
44 253 13
15 390 38
78 272 8
347 353 19
10 198 43
58 411 2
85 442 16
158 453 17
159 198 28
19 144 25
161 348 41
110 214 7
214 499 35
389 460 32
181 242 26
253 448 5
81 235 32
218 345 1
35 108 16
96 352 12
183 483 46
11 75 41
143 310 25
181 357 43
348 358 29
57 261 13
381 414 29
268 333 30
25 317 41
300 360 16
344 459 15
160 389 46
18 74 2
212 297 50
30 373 6
39 362 44
47 335 39
7 335 44
63 266 13
393 466 49
73 253 31
13 349 16
319 425 45
44 66 33
187 213 26
63 362 34
66 286 29
120 384 35
419 429 48
143 375 43
8 86 8
143 380 43
67 137 42
89 189 4
73 279 26
25 300 32
109 141 19
7 482 9
20 412 12
166 195 12
131 439 4
27 170 37
6 17 35
84 118 35
20 57 5
83 101 6
91 456 49
11 218 8
145 441 4
220 500 16
337 398 45
342 484 38
440 491 39
136 218 17
8 211 19
23 296 29
80 443 18
193 314 7
309 372 19
88 421 29
224 472 47
353 408 18
48 355 9
83 241 13
115 363 35
177 321 4
74 85 27
112 128 7
28 440 46
295 411 50
74 173 6
294 448 5
125 448 21
33 269 7
131 495 3
147 159 22
71 454 41
120 189 9
185 371 35
465 482 40
43 219 44
145 297 34
297 410 15
265 454 19
18 401 30
279 408 10
1 475 43
27 215 41
155 277 25
178 253 29
173 186 48
408 451 24
78 463 22
271 391 10
34 326 18
99 355 26
408 427 37
183 282 20
278 490 8
47 186 27
125 416 19
175 378 13
289 328 42
281 350 49
207 337 40
60 406 7
73 143 35
277 404 35
269 326 7
159 464 47
24 202 25
307 396 47
210 281 47
351 473 21
260 472 5
66 466 13
309 456 9
24 301 21
122 285 35
369 459 14
136 337 40
52 194 1
144 232 3
46 47 7
236 475 42
311 485 40
57 178 12
140 371 1
140 333 21
119 319 49
275 452 17
313 424 16
219 396 10
308 353 2
106 317 17
148 382 13
180 226 21
95 139 42
82 300 21
165 376 50
133 427 47
25 432 49
310 438 26
68 154 29
265 295 2
260 473 40
475 495 33
427 435 13
145 149 12
338 472 44
109 243 24
177 309 43
227 247 20
198 305 37
170 462 28
364 425 49
334 375 18
225 481 2
105 268 33
468 485 33
17 60 34
89 453 48
86 163 31
193 244 42
65 118 33
277 367 27
65 454 14
16 66 7
89 341 45
39 327 4
64 280 27
202 417 4
72 488 14
451 491 4
270 310 31
364 467 36
117 461 12
189 197 45
353 365 29
61 68 14
205 455 29
240 242 35
160 420 48
58 211 14
165 449 13
110 329 11
225 319 11
239 487 13
86 244 3
293 407 9
72 489 6
224 264 2
179 394 34
37 271 42
43 337 11
263 282 32
171 427 5
1 304 16
35 455 37
387 439 20
353 483 36
144 317 35
323 391 1
169 384 13
170 278 16
146 168 24
416 437 31
57 237 37
318 330 25
53 94 38
54 453 6
215 453 16
96 211 7
19 467 47
152 183 11
12 368 16
235 295 23
104 319 35
16 248 25
70 95 46
27 462 45
325 486 49
367 411 12
314 383 36
220 494 45
42 497 6
245 363 14
163 380 28
144 219 20
182 208 26
112 478 33
54 434 8
20 369 2
78 174 46
438 455 17
189 352 5
126 167 35
75 344 45
194 404 49
130 486 3
54 211 36
229 403 36
460 475 36
257 421 21
22 70 4
6 281 42
232 262 15
251 284 13
159 398 3
303 465 46
56 250 29
86 200 24
152 275 32
176 487 34
295 314 48
201 389 10
408 449 43
262 437 37
3 267 2
8 108 38
100 427 2
100 235 5
64 500 1
170 268 27
114 217 41
232 366 2
96 326 31
328 432 36
42 487 6
262 341 13
46 308 23
4 289 31
150 366 42
220 434 46
18 76 5
396 406 17
37 339 3
221 487 35
310 323 6
405 465 23
196 252 4
331 498 44
127 391 35
18 294 37
202 430 31
190 390 21
225 338 19
440 483 25
158 314 14
89 244 20
243 284 39
26 230 48
353 418 50
77 265 49
168 355 25
306 425 36
110 252 25
271 451 40
423 475 42
232 305 23
173 356 17
19 90 34
199 230 40
91 245 32
82 176 48
186 394 13
122 458 31
321 375 48
251 326 11
259 352 49
162 182 20
107 430 42
140 391 21
122 244 38
70 192 44
451 470 27
154 473 8
84 137 24
397 408 13
185 250 14
12 497 10
179 445 42
14 264 7
279 397 10
235 372 20
19 460 18
66 240 31
4 482 18
339 390 16
160 349 28
116 404 3
93 426 17
365 409 11
16 330 30
339 500 27
70 349 30
281 359 47
15 123 37
146 292 22
154 167 5
157 463 17
305 411 23
427 438 35
12 413 31
64 121 27
124 283 19
27 427 3
405 424 12
389 399 40
405 435 20
253 336 8
420 423 41
315 429 50
297 380 30
342 402 22
129 446 40
41 372 44
381 474 11
9 384 46
280 384 25
68 119 26
40 323 16
38 326 12
156 497 4
209 430 9
105 143 6
169 452 35
70 320 11
316 398 25
330 355 47
12 476 22
224 309 2
352 380 48
183 261 45
32 372 41
113 155 18
429 484 17
122 385 48
312 493 14
194 342 47
15 64 6
6 119 44
255 406 25
88 232 44
213 223 30
31 74 50
109 184 15
26 66 27
190 192 27
258 453 18
334 397 4
99 405 7
266 410 3
282 344 14
12 474 39
15 439 11
145 420 42
53 379 24
170 261 9
472 474 19
70 321 16
77 483 4
125 211 38
190 362 8
241 316 43
328 367 18
115 154 44
273 494 18
287 426 41
259 278 38
192 405 50
360 390 28
119 467 11
49 203 5
133 397 22
244 320 32
84 148 22
209 299 33
105 147 47
125 435 23
222 459 9
287 486 10
247 374 30
362 414 44
129 164 31
249 463 23
72 137 49
2 175 47
375 479 37
236 309 13
81 293 42
17 324 28
90 355 30
86 495 26
34 322 44
192 332 8
74 316 20
16 45 20
56 239 18
326 357 45
9 308 34
209 317 49
146 473 29
27 60 38
264 475 20
60 217 10
430 440 8
17 285 11
311 384 38
79 318 21
53 61 25
357 457 31
97 352 19
183 454 5
48 202 27
147 341 18
134 284 8
248 344 23
287 373 5
314 346 49
221 234 12
224 422 41
159 247 47
218 221 15
69 494 42
238 269 16
131 250 45
94 345 4
203 425 10
405 436 21
60 104 15
178 272 38
141 157 40
136 302 14
152 326 25
80 196 2
122 395 49
80 119 49
14 187 30
355 403 30
315 413 37
196 482 6
344 414 33
48 122 13
89 474 45
361 477 17
55 72 24
409 487 46
99 430 15
481 498 48
115 241 6
95 132 35
138 398 49
32 369 41
297 369 9
99 239 19
279 321 13
280 369 44
179 336 10
120 429 3
72 362 23
265 328 15
239 322 36
144 414 40
430 432 48
316 454 41
334 448 26
24 130 20
49 101 46
290 401 12
54 500 38
155 462 8
176 236 22
403 418 3
349 357 32
101 151 19
274 377 29
65 490 8
10 291 15
216 404 6
225 447 16
76 122 5
109 258 8
103 164 33
9 172 29
247 433 12
227 489 8
358 446 33
368 485 40
83 242 41
207 486 5
146 158 4
412 430 44
9 138 32
121 291 32
17 382 16
443 471 14
110 226 17
10 145 24
253 347 1
248 333 19
189 436 6
93 412 35
54 302 31
278 312 8
73 150 7
184 202 45
339 486 36
2 428 31
50 133 36
173 271 42
9 190 31
61 475 1
205 428 10
372 481 50
92 364 34
269 465 7
375 380 34
155 203 22
199 322 34
44 239 36
250 303 14
148 351 1
201 250 25
360 481 24
28 325 42
143 181 32
296 433 31
111 332 48
166 255 20
93 202 16
47 169 40
315 448 17
86 105 9
325 350 14
156 265 6
74 256 48
93 291 47
137 433 7
72 168 3
202 252 37
383 460 7
81 187 45
111 400 47
186 327 12
53 454 20
200 233 8
350 477 40
13 387 24
354 466 32
272 367 37
164 286 22
61 382 23
20 275 6
7 45 12
108 244 13
366 460 35
51 355 37
221 429 21
169 362 27
222 456 26
87 108 46
234 287 34
127 328 19
304 310 15
344 360 34
336 410 1
107 294 21
1 186 34
154 218 19
112 144 28
470 478 7
145 192 17
314 351 29
23 45 31
29 250 19
224 402 46
70 243 43
137 272 28
101 404 36
90 217 22
321 476 15
93 417 27
149 222 16
175 331 42
465 480 37
172 246 1
85 184 24
16 484 32
66 427 47
415 461 32
212 384 36
156 248 32
159 408 50
4 129 2
185 416 11
289 335 21
4 54 32
162 388 21
93 438 15
46 202 40
187 188 15
316 347 45
270 424 4
244 380 43
109 262 34
266 311 36
216 286 2
180 410 37
170 321 26
365 412 38
379 407 27
293 378 30
112 390 28
48 474 44
23 257 27
202 490 35
154 281 16
59 459 20
232 396 50
312 460 41
172 213 2
353 397 38
141 390 36
479 496 13
368 434 41
31 268 44
212 328 10
51 319 3
166 288 35
224 365 44
16 289 45
87 153 5
304 341 19
239 376 29
238 348 26
171 176 19
26 48 47
349 408 41
288 482 38
256 418 42
134 454 28
96 467 38
58 218 19
205 371 23
31 344 7
14 27 2
365 432 30
376 435 34
66 399 10
201 291 48
60 353 37
61 173 6
88 149 28
127 222 21
60 285 48
139 288 13
181 248 45
69 472 18
57 211 6
38 416 35
499 500 17
3 90 18
168 340 46
4 22 41
298 302 42
24 394 5
101 497 11
107 200 41
179 366 15
126 345 42
238 487 38
182 340 43
107 321 44
85 325 32
428 436 22
24 46 30
3 277 28
59 234 4
331 393 34
212 221 18
3 457 32
333 481 29
316 468 12
381 392 35
448 490 35
396 464 48
21 316 14
223 229 14
44 395 24
158 353 49
88 91 28
12 334 15
175 314 18
26 122 49
408 418 30
336 446 29
59 92 32
369 462 9
179 228 31
50 57 9
406 498 9
88 130 2
282 316 42
308 483 34
118 234 37
94 166 19
394 482 45
16 58 43
30 108 44
117 318 32
105 175 7
65 88 28
103 498 26
16 262 27
128 333 1
35 95 26
33 186 24
60 452 37
110 189 24
190 241 46
228 289 27
153 158 35
45 254 30
298 459 1
251 356 46
249 370 17
253 326 16
455 486 25
400 452 22
17 263 21
399 450 38
219 337 7
88 350 45
121 446 33
17 96 7
43 99 16
139 416 24
193 348 46
270 309 43
3 244 43
72 203 30
140 307 42
158 373 41
6 238 34
162 410 28
228 294 43
41 396 2
122 396 18
5 6 36
143 430 5
21 37 43
29 322 29
308 420 44
163 387 46
114 308 28
29 237 20
271 309 8
138 353 32
37 297 38
48 126 1
43 240 34
102 400 26
3 4 48
177 354 38
30 215 48
81 412 39
124 168 42
290 344 4
89 187 40
366 432 27
76 253 12
221 432 9
20 361 1
237 305 40
37 185 35
49 342 40
27 315 30
319 336 50
340 365 11
129 470 33
159 278 15
1 245 29
40 238 32
199 498 46
170 412 39
125 128 37
118 273 50
178 338 28
138 284 5
234 258 46
240 370 16
295 428 49
106 457 36
265 486 42
305 398 47
377 435 9
366 442 8
39 282 39
206 239 6
96 432 46
142 402 15
302 380 20
125 495 1
159 442 33
128 406 21
275 420 13
37 176 13
210 231 38
65 431 15
252 292 32
181 278 18
52 224 41
64 312 16
193 278 44
211 342 23
121 365 27
339 443 31
68 148 29
51 152 45
215 350 22
291 440 48
46 120 17
204 385 39
469 487 10
210 265 31
43 353 31
147 266 38
138 225 21
4 154 14
14 272 10
78 459 6
117 375 42
121 153 26
300 464 3
195 283 21
37 490 23
217 315 12
140 486 15
22 55 43
340 467 20
119 407 6
139 357 14
63 273 42
44 378 33
371 426 28
132 444 15
184 216 30
34 46 29
153 281 27
67 181 27
55 141 48
178 209 20
229 358 28
314 495 29
176 367 46
228 295 11
207 311 3
35 40 9
284 293 12
63 104 10
277 449 20
334 483 10
329 369 23
401 448 43
22 487 47
163 176 3
152 387 26
227 377 15
133 410 10
11 222 20
198 220 16
215 448 48
292 488 13
398 495 26
248 289 6
31 241 18
1 60 22
86 211 8
285 419 7
76 214 41
193 222 21
225 279 10
100 425 37
94 377 29
47 58 41
229 458 35
78 149 16
347 400 22
99 433 33
21 109 18
175 353 9
229 279 47
66 270 17
355 468 17
85 204 31
204 336 25
152 376 21
81 215 36
311 317 42
106 474 30
287 427 21
210 384 14
243 362 34
56 156 30
23 158 25
103 353 43
245 318 50
154 180 46
227 438 22
93 298 30
20 486 17
70 455 38
50 353 6
329 457 14
329 341 36
20 60 14
28 72 26
225 248 3
274 340 33
30 388 50
161 356 19
256 346 12
17 290 4
261 369 23
271 305 42
293 418 39
360 475 47
298 385 47
344 396 6
336 372 41
249 455 48
340 491 11
19 122 15
202 260 47
242 316 8
50 258 32
171 500 1
68 484 13
195 495 39
201 427 37
369 390 1
117 178 23
2 229 41
95 400 44
357 418 11
72 499 31
239 498 19
291 337 39
117 170 36
75 337 12
18 44 38
88 434 1
221 412 8
231 258 12
210 421 24
190 485 26
183 293 19
24 448 18
141 482 38
19 169 8
110 191 31
309 474 42
303 330 22
226 247 31
184 247 31
153 260 1
165 170 6
278 367 18
104 344 30
63 276 34
12 150 40
96 169 34
173 250 2
27 381 36
328 456 46
267 425 47
82 123 15
295 322 29
167 440 22
26 199 38
298 379 42
238 323 8
214 389 25
96 282 34
198 203 22
70 465 41
82 152 41
89 495 47
424 428 5
278 438 34
47 418 40
283 396 44
13 136 4
48 345 15
105 393 11
38 304 36
242 463 21
110 242 27
409 492 34
107 283 39
28 278 7
36 83 48
130 381 8
154 379 33
107 145 44
303 341 13
166 444 9
234 236 47
308 341 9
36 50 29
123 242 30
193 333 29
53 209 45
35 213 27
87 221 28
71 285 46
10 258 37
306 371 44
118 141 22
239 265 17
302 429 40
197 489 38
17 420 37
85 214 33
161 288 39
92 397 50
19 155 47
262 468 7
106 470 6
205 383 26
194 287 34
268 374 17
187 489 13
29 477 42
64 294 27
57 71 13
95 208 26
421 446 32
130 232 48
18 348 14
3 151 34
54 88 5
16 450 50
72 89 41
112 251 21
42 147 16
167 415 41
175 342 36
264 367 4
435 489 4
142 486 46
346 348 22
134 289 3
142 187 25
72 202 4
9 361 7
472 480 36
212 269 28
84 157 20
150 181 49
127 432 42
29 495 16
270 496 25
95 129 21
5 207 9
216 334 32
59 97 39
205 443 1
208 301 21
52 107 13
226 386 22
162 270 22
267 331 18
80 372 49
74 309 6
137 266 40
254 313 7
39 52 47
259 314 13
26 490 33
40 76 21
16 194 41
112 359 2
315 317 32
4 160 4
110 469 26
261 307 22
40 180 42
350 464 16
355 459 42
260 280 16
425 452 9
105 450 20
173 472 41
76 395 31
221 474 16
335 431 15
284 288 9
214 266 24
207 322 36
8 186 12
5 334 5
15 251 50
125 182 11
276 393 42
30 125 45
414 492 49
320 363 7
79 417 50
221 292 28
59 499 9
98 337 38
274 345 16
143 345 15
166 468 11
132 241 50
88 372 14
57 341 26
18 422 1
57 339 37
47 175 14
37 196 21
49 295 50
252 473 29
265 425 46
68 190 50
215 356 47
13 166 28
22 81 12
169 454 45
138 348 15
319 499 7
164 223 22
25 261 8
358 500 42
117 232 6
36 303 31
9 206 43
12 175 28
334 437 49
124 138 43
255 448 1
91 117 38
120 476 1
337 342 22
29 275 28
98 340 49
253 471 38
6 393 28
405 432 14
60 274 22
265 361 27
46 58 1
75 296 20
32 499 8
153 325 26
12 152 35
19 218 19
236 447 13
103 398 33
187 331 49
83 254 31
94 368 14
343 396 49
285 327 49
345 373 50
202 471 49
77 116 9
425 439 44
134 200 14
100 197 32
296 398 34
156 256 28
77 150 30
46 110 23
170 229 37
10 233 40
303 439 48
205 305 3
99 289 29
106 313 40
240 341 24
59 213 5
100 374 24
387 485 47
93 300 38
91 211 40
44 141 45
176 202 42
45 217 16
219 442 49
259 367 30
354 434 26
269 307 1
73 178 49
138 140 5
180 315 15
219 450 45
25 483 22
243 466 41
55 87 41
346 421 7
93 361 45
465 489 37
78 351 48
62 109 7
201 459 23
54 428 22
129 417 21
274 473 27
9 233 49
68 354 12
289 456 9
52 265 42
341 461 10
217 288 20
385 491 11
332 433 18
76 323 38
156 191 36
24 440 28
139 396 49
303 311 9
364 392 16
7 43 20
368 495 25
307 395 39
215 306 32
53 171 34
188 208 43
204 382 19
73 334 5
216 451 10
42 209 35
159 294 4
65 114 37
44 153 33
274 424 37
201 482 50
82 162 33
13 117 1
293 381 27
268 464 29
226 331 29
133 297 2
42 466 45
29 247 33
103 336 17
398 399 34
68 159 8
196 394 23
153 297 17
226 494 10
224 251 14
192 500 38
297 492 11
269 449 12
70 420 36
165 446 43
20 371 10
375 402 18
258 489 27
102 182 35
200 431 49
288 332 35
423 429 17
174 357 6
199 319 4
89 333 41
192 354 34
96 287 43
37 108 25
207 315 26
82 491 46
186 367 11
133 458 28
127 191 47
280 335 16
299 337 23
140 355 11
240 331 6
363 430 23
353 375 23
81 194 16
349 476 29
36 450 32
315 428 32
95 420 29
421 436 9
31 285 21
144 462 45
291 471 8
293 400 39
257 310 41
92 484 24
472 500 8
206 391 49
121 290 8
4 481 45
106 260 46
302 359 45
54 281 19
210 430 47
93 127 24
151 454 41
74 330 15
86 186 33
329 352 5
131 132 45
301 444 30
102 296 21
375 400 42
1 234 14
252 354 37
4 190 14
302 480 26
176 425 1
242 265 12
201 367 3
280 444 45
113 158 5
7 385 13
166 393 9
255 394 3
272 340 19
40 429 37
129 196 33
304 488 29
52 377 15
190 415 31
156 292 39
393 395 26
217 480 4
40 170 36
80 403 29
27 296 38
42 420 34
123 449 1
171 400 42
292 482 8
71 346 13
25 462 37
210 285 29
14 32 35
46 468 23
139 362 6
252 474 12
122 403 47
88 406 7
227 319 22
37 428 48
68 449 4
1 370 50
378 420 1
213 287 31
152 273 35
148 493 22
113 351 15
213 482 28
135 449 3
121 160 28
249 450 31
281 332 31
171 172 40
205 353 34
196 272 30
246 327 17
9 108 31
472 493 22
321 392 42
52 75 50
214 280 33
84 285 14
68 286 20
200 242 35
126 351 24
387 394 20
210 463 34
130 226 21
198 408 12
294 321 41
155 187 39
49 184 40
93 360 2
71 400 32
263 397 3
45 61 31
6 321 4
120 427 49
303 350 46
181 241 12
78 187 9
349 460 23
118 396 15
269 279 32
67 244 45
153 284 9
425 481 12
68 249 22
229 393 11
80 455 44
226 280 44
425 427 1
84 490 22
228 497 36
174 407 43
18 42 23
224 420 5
212 412 22
22 419 23
423 444 14
193 464 19
191 462 12
140 191 11
272 321 16
33 75 8
50 95 17
346 467 20
278 484 44
183 469 21
216 250 45
183 294 39
471 472 33
24 157 29
64 75 14
108 480 43
253 285 32
325 329 4
184 304 37
51 118 27
43 414 6
193 321 26
166 390 44
138 182 2
216 300 20
77 237 31
90 281 21
485 496 47
143 332 34
145 319 7
35 110 7
169 470 42
121 473 6
146 171 7
58 141 33
158 365 41
104 429 1
277 305 19
206 271 27
118 319 28
148 411 24
381 435 18
288 316 38
43 221 40
42 251 48
91 228 43
234 293 7
83 248 5
148 355 2
58 180 4
89 274 23
326 377 14
159 441 39
3 362 4
231 352 28
66 80 49
105 258 39
453 493 25
49 67 6
117 268 31
83 410 45
12 174 50
279 402 35
89 414 21
390 402 44
395 402 32
67 453 7
177 423 50
292 436 5
43 290 20
1 157 33
238 265 11
473 486 17
397 458 42
458 493 2
305 339 18
298 461 11
208 375 18
280 429 40
96 390 27
423 467 4
44 103 22
138 489 38
360 382 5
188 429 17
49 165 29
134 170 34
51 357 28
381 484 27
180 368 42
153 226 8
7 368 23
93 101 8
234 396 43
56 363 12
239 450 2
88 368 1
387 497 46
226 463 39
397 481 5
257 340 8
94 227 48
149 487 39
119 403 42
42 213 14
134 234 32
129 327 4
245 265 28
95 253 8
131 252 50
114 228 29
57 127 24
2 275 21
241 285 49
328 481 12
246 286 5
79 429 8
258 350 9
9 124 18
272 380 24
345 447 47
19 229 44
82 473 19
389 451 40
198 427 17
95 215 13
208 290 3
358 372 32
82 215 37
76 136 38
166 375 24
174 235 18
48 391 2
191 263 37
37 485 3
242 400 38
172 203 13
28 464 8
388 408 9
324 477 34
183 409 47
69 321 28
206 236 5
18 260 49
256 356 3
413 452 2
246 385 3
267 407 21
107 266 26
170 230 38
111 206 14
55 180 14
219 425 48
369 410 48
102 424 49
35 429 31
92 226 29
38 50 40
266 396 45
84 398 3
165 195 7
287 500 48
42 115 6
259 490 45
425 477 2
11 119 50
149 210 7
95 449 29
433 492 44
7 44 48
57 279 39
135 432 15
122 175 10
28 450 50
120 478 14
4 121 25
345 424 46
23 46 20
361 498 46
15 37 3
202 275 34
13 123 21
298 440 27
181 281 25
35 93 30
148 374 39
9 219 1
222 286 47
365 447 14
280 352 33
47 382 5
9 443 10
74 269 16
58 104 19
146 364 6
163 459 42
307 335 5
210 397 12
173 229 38
188 469 1
170 348 5
245 437 43
309 480 50
389 432 8
239 417 42
64 352 38
158 269 1
393 454 30
60 263 5
72 395 12
358 411 8
52 325 26
184 468 12
84 306 26
255 306 18
299 479 20
51 370 31
182 310 26
249 368 32
239 392 37
192 399 35
26 133 30
311 475 25
36 437 5
73 340 14
178 433 49
41 450 7
6 256 20
81 458 19
481 488 36
97 144 48
6 386 13
104 351 9
115 289 16
112 446 24
90 295 47
57 415 4
205 274 37
23 161 35
74 203 1
15 312 26
297 391 17
55 243 18
460 472 5
244 424 32
244 393 10
134 238 43
253 292 41
121 433 31
228 296 23
374 418 41
74 284 8
159 426 28
182 462 13
5 445 22
25 256 5
129 252 6
64 264 23
200 402 39
168 233 49
210 445 30
121 304 17
486 489 5
56 85 37
420 438 14
292 348 18
396 474 50
138 249 21
316 394 45
34 35 12
98 197 17
178 417 1
51 299 36
132 226 42
297 474 37
164 193 29
244 416 13
27 262 44
290 316 1
170 443 9
173 451 49
45 81 4
48 339 3
116 251 4
124 490 33
151 377 47
160 166 35
303 430 47
102 264 27
277 500 5
383 488 46
196 421 14
29 409 32
101 473 10
81 484 37
74 431 30
222 343 45
103 330 15
95 459 22
161 412 12
154 483 39
408 496 13
216 446 19
64 452 38
89 362 17
268 471 31
101 126 14
42 137 19
81 368 43
99 328 22
274 299 37
25 344 27
336 474 7
61 241 20
177 330 29
117 374 47
409 410 33
4 182 27
64 490 4
143 168 25
110 151 21
84 303 30
19 385 11
393 415 20
71 376 48
133 393 4
64 274 46
47 115 22
6 301 47
194 410 43
105 433 8
140 318 19
96 259 6
141 164 8
226 476 12
8 366 40
102 192 38
220 226 11
74 391 18
14 361 18
82 396 32
82 353 29
130 269 43
104 428 46
137 251 28
36 399 21
273 316 30
371 475 44
77 346 48
226 362 28
3 55 42
166 286 44
29 332 24
16 41 32
256 373 46
17 114 10
51 305 50
84 165 34
171 420 41
235 345 12
223 375 31
277 442 4
460 494 18
251 492 27
105 373 1
50 408 40
144 467 39
376 387 24
179 436 6
414 453 30
242 453 16
70 415 21
118 186 28
23 78 2
6 251 2
9 379 17
179 344 9
6 230 23
135 447 43
28 164 45
2 113 15
107 315 39
71 253 34
273 499 38
360 456 13
105 226 37
284 445 12
326 350 22
244 447 31
57 230 8
154 492 22
495 500 9
310 424 12
279 291 45
71 390 12
251 281 20
209 418 17
91 438 19
276 404 48
240 486 47
381 455 18
126 210 18
165 361 19
189 420 43
234 260 37
154 334 43
445 478 19
17 457 14
22 421 3
344 463 42
41 402 34
327 388 28
9 314 37
219 457 24
363 422 40
213 338 17
141 277 2
89 143 33
173 189 18
24 408 23
89 311 32
424 470 19
106 361 1
341 408 10
32 225 22
297 456 10
38 359 26
69 110 11
60 295 30
120 403 37
289 405 40
317 411 41
138 142 16
101 275 20
97 224 42
13 393 24
184 200 7
7 265 39
148 349 45
360 433 36
37 474 36
38 111 21
82 477 24
292 423 7
79 81 24
66 93 45
129 215 14
200 472 7
75 172 7
257 409 12
113 195 49
119 323 9
80 459 39
330 414 34
165 278 26
99 142 14
269 281 30
373 394 23
130 280 39
93 359 42
142 390 31
269 479 20
267 409 1
220 320 21
145 385 26
50 366 44
410 467 10
60 481 7
363 465 39
246 481 31
251 393 21
264 302 43
313 340 19
233 333 44
156 313 16
446 493 21
302 495 36
163 351 12
48 231 8
261 266 22
27 103 37
3 455 21
60 277 37
132 209 31
180 489 25
41 387 28
51 407 50
99 345 46
54 230 42
2 187 15
75 187 36
314 407 34
123 415 49
422 445 34
194 314 9
191 295 34
213 230 44
7 294 14
186 377 49
188 461 25
47 49 4
239 294 46
132 485 8
356 422 12
343 354 10
189 251 36
318 393 18
32 216 28
288 389 29
47 252 31
359 368 6
80 158 23
252 416 22
73 313 48
165 260 44
22 212 25
178 378 21
94 320 33
388 469 4
122 208 8
180 338 8
14 385 14
27 184 34
171 282 18
365 462 34
10 82 47
154 369 21
466 500 46
1 130 11
119 431 11
221 296 15
90 91 30
445 473 5
70 314 12
133 467 12
133 406 32
64 209 12
123 329 7
87 317 44
200 445 32
75 404 9
17 347 1
307 374 13
69 478 34
126 489 5
208 272 18
130 434 42
264 491 4
254 349 13
333 343 4
247 343 36
41 468 12
226 442 17
5 281 50
19 348 27
322 343 9
258 409 39
350 420 13
124 262 15
158 229 14
2 9 19
236 425 27
125 475 26
132 228 10
206 399 3
74 397 46
172 323 28
12 66 24
69 183 14
184 464 19
200 373 50
30 383 18
51 442 24
7 253 12
11 457 40
380 452 21
172 468 14
42 112 25
264 303 38
187 296 46
282 381 35
10 173 12
177 397 3
14 217 33
72 223 18
99 367 38
27 360 43
89 273 46
120 317 29
73 160 11
128 159 4
368 467 7
119 295 18
62 480 48
151 316 10
106 441 30
311 325 23
90 422 30
106 409 49
227 297 1
2 460 23
110 209 3
274 324 21
43 174 30
45 201 46
37 306 11
89 206 11
129 279 49
204 444 8
21 345 29
26 106 14
264 439 6
125 465 40
21 86 43
140 374 22
313 419 30
292 426 10
264 496 34
184 432 43
135 483 24
86 283 47
221 324 10
224 339 46
223 446 5
15 455 15
56 291 44
131 212 30
82 125 29
9 91 9
236 383 7
281 442 31
208 440 32
18 371 4
316 462 28
170 489 43
83 310 46
120 367 38
366 434 16
335 498 17
197 493 6
169 446 37
112 147 29
379 487 26
199 289 22
282 401 11
125 255 6
51 187 9
54 268 7
125 191 39
235 346 13
311 418 2
152 400 23
45 92 48
30 87 1
47 358 5
142 290 23
78 344 41
1 218 22
13 375 39
207 420 14
17 394 46
236 268 50
290 448 11
104 480 3
73 404 39
318 435 35
444 490 44
55 285 30
162 183 37
134 194 50
45 54 27
315 478 48
116 143 21
378 491 28
127 440 44
237 277 22
411 483 20
54 202 40
46 182 40
224 452 37
2 388 2
7 474 21
133 371 44
56 128 4
75 370 36
90 306 4
90 221 26
110 158 17
191 265 42
80 90 9
