1000 3500
1 41
2 185
3 258
4 85
5 38
6 17
7 26
8 190
9 165
10 217
11 220
12 98
13 1
14 234
15 65
16 248
17 162
18 156
19 165
20 100
21 168
22 255
23 80
24 137
25 76
26 88
27 12
28 6
29 150
30 17
31 129
32 179
33 120
34 112
35 78
36 51
37 78
38 92
39 175
40 253
41 109
42 175
43 108
44 28
45 198
46 178
47 180
48 235
49 6
50 248
51 122
52 54
53 11
54 119
55 218
56 150
57 14
58 34
59 259
60 118
61 124
62 57
63 39
64 37
65 230
66 163
67 12
68 137
69 159
70 52
71 184
72 75
73 187
74 143
75 207
76 108
77 232
78 188
79 115
80 233
81 207
82 148
83 115
84 87
85 181
86 88
87 51
88 13
89 125
90 253
91 125
92 95
93 190
94 29
95 200
96 84
97 148
98 69
99 72
100 144
101 46
102 49
103 137
104 73
105 173
106 153
107 210
108 70
109 129
110 130
111 51
112 218
113 114
114 186
115 242
116 85
117 147
118 178
119 99
120 99
121 31
122 93
123 157
124 217
125 114
126 201
127 186
128 24
129 37
130 26
131 97
132 143
133 123
134 228
135 51
136 153
137 104
138 245
139 79
140 248
141 188
142 182
143 46
144 248
145 180
146 53
147 38
148 245
149 171
150 42
151 210
152 9
153 203
154 205
155 141
156 82
157 115
158 63
159 104
160 28
161 165
162 113
163 262
164 223
165 32
166 112
167 54
168 10
169 110
170 96
171 146
172 58
173 180
174 44
175 261
176 167
177 187
178 170
179 258
180 194
181 93
182 193
183 233
184 47
185 203
186 147
187 71
188 166
189 6
190 42
191 244
192 184
193 35
194 206
195 193
196 33
197 74
198 30
199 114
200 122
201 25
202 124
203 12
204 204
205 234
206 93
207 221
208 21
209 188
210 60
211 215
212 26
213 8
214 101
215 218
216 5
217 146
218 130
219 142
220 229
221 98
222 77
223 169
224 204
225 193
226 88
227 123
228 178
229 81
230 201
231 167
232 37
233 39
234 254
235 140
236 1
237 153
238 3
239 130
240 38
241 146
242 160
243 197
244 107
245 74
246 181
247 85
248 140
249 16
250 148
251 210
252 239
253 155
254 217
255 168
256 208
257 90
258 116
259 151
260 180
261 55
262 53
263 88
264 173
265 81
266 161
267 96
268 232
269 246
270 95
271 161
272 239
273 53
274 249
275 88
276 94
277 5
278 124
279 184
280 103
281 37
282 241
283 127
284 102
285 27
286 216
287 238
288 28
289 254
290 15
291 257
292 72
293 145
294 167
295 133
296 58
297 126
298 32
299 1
300 200
301 88
302 71
303 6
304 254
305 107
306 147
307 103
308 156
309 241
310 241
311 28
312 170
313 15
314 169
315 204
316 203
317 127
318 43
319 55
320 151
321 53
322 73
323 215
324 231
325 223
326 160
327 50
328 136
329 174
330 137
331 38
332 200
333 152
334 88
335 198
336 96
337 47
338 218
339 149
340 226
341 248
342 253
343 48
344 114
345 44
346 52
347 104
348 248
349 199
350 233
351 198
352 180
353 123
354 59
355 86
356 199
357 179
358 147
359 229
360 142
361 20
362 178
363 135
364 138
365 178
366 148
367 79
368 178
369 236
370 69
371 10
372 249
373 203
374 163
375 203
376 158
377 105
378 228
379 206
380 236
381 250
382 122
383 67
384 153
385 146
386 221
387 76
388 236
389 2
390 25
391 242
392 170
393 176
394 249
395 26
396 155
397 35
398 170
399 157
400 60
401 235
402 41
403 83
404 219
405 9
406 98
407 153
408 41
409 57
410 254
411 94
412 213
413 14
414 38
415 195
416 224
417 53
418 187
419 174
420 110
421 159
422 148
423 45
424 219
425 209
426 38
427 159
428 82
429 258
430 127
431 259
432 162
433 208
434 134
435 219
436 99
437 57
438 89
439 126
440 77
441 46
442 196
443 54
444 23
445 157
446 178
447 167
448 44
449 200
450 255
451 62
452 116
453 217
454 104
455 68
456 18
457 230
458 162
459 158
460 251
461 5
462 189
463 24
464 148
465 261
466 213
467 138
468 41
469 229
470 40
471 246
472 102
473 133
474 32
475 110
476 10
477 90
478 224
479 233
480 211
481 209
482 127
483 29
484 210
485 132
486 131
487 47
488 62
489 85
490 184
491 209
492 186
493 36
494 183
495 132
496 253
497 28
498 46
499 13
500 177
501 54
502 100
503 257
504 48
505 20
506 168
507 200
508 56
509 111
510 40
511 50
512 175
513 43
514 39
515 120
516 36
517 70
518 226
519 130
520 153
521 35
522 41
523 79
524 38
525 167
526 214
527 24
528 122
529 234
530 215
531 59
532 165
533 159
534 77
535 140
536 100
537 139
538 252
539 175
540 124
541 227
542 151
543 196
544 86
545 81
546 253
547 85
548 111
549 240
550 144
551 17
552 86
553 159
554 114
555 129
556 138
557 150
558 96
559 122
560 44
561 122
562 111
563 71
564 172
565 104
566 214
567 79
568 182
569 136
570 98
571 74
572 144
573 116
574 55
575 163
576 27
577 108
578 59
579 255
580 116
581 74
582 159
583 81
584 83
585 179
586 161
587 8
588 120
589 74
590 67
591 247
592 253
593 110
594 114
595 24
596 151
597 149
598 116
599 138
600 247
601 82
602 51
603 243
604 164
605 120
606 11
607 46
608 62
609 52
610 89
611 249
612 44
613 112
614 167
615 142
616 102
617 257
618 59
619 137
620 236
621 141
622 141
623 135
624 189
625 68
626 135
627 190
628 243
629 131
630 142
631 14
632 34
633 50
634 163
635 61
636 63
637 178
638 207
639 209
640 24
641 95
642 102
643 43
644 193
645 155
646 30
647 222
648 236
649 133
650 53
651 39
652 227
653 198
654 252
655 256
656 75
657 31
658 45
659 258
660 178
661 2
662 239
663 71
664 118
665 3
666 193
667 36
668 10
669 252
670 108
671 158
672 120
673 79
674 94
675 69
676 77
677 66
678 64
679 114
680 111
681 40
682 221
683 9
684 111
685 74
686 140
687 58
688 220
689 26
690 87
691 3
692 135
693 13
694 217
695 54
696 247
697 28
698 65
699 124
700 81
701 115
702 109
703 188
704 38
705 132
706 25
707 44
708 251
709 258
710 27
711 84
712 212
713 116
714 57
715 245
716 235
717 51
718 179
719 166
720 60
721 212
722 240
723 119
724 4
725 162
726 211
727 190
728 122
729 88
730 101
731 247
732 212
733 135
734 231
735 81
736 2
737 20
738 148
739 48
740 125
741 170
742 125
743 256
744 192
745 63
746 48
747 198
748 20
749 42
750 31
751 84
752 47
753 49
754 130
755 17
756 120
757 107
758 187
759 156
760 105
761 50
762 100
763 256
764 6
765 58
766 16
767 217
768 202
769 7
770 250
771 133
772 246
773 248
774 41
775 10
776 113
777 199
778 159
779 175
780 97
781 62
782 17
783 260
784 112
785 182
786 133
787 10
788 73
789 58
790 120
791 16
792 62
793 254
794 112
795 213
796 243
797 221
798 255
799 45
800 153
801 64
802 88
803 20
804 77
805 184
806 260
807 99
808 101
809 232
810 132
811 261
812 178
813 123
814 189
815 248
816 83
817 28
818 252
819 123
820 48
821 194
822 210
823 9
824 40
825 15
826 198
827 11
828 78
829 210
830 143
831 251
832 237
833 53
834 24
835 192
836 255
837 45
838 186
839 193
840 176
841 69
842 200
843 110
844 56
845 163
846 29
847 210
848 206
849 35
850 196
851 154
852 107
853 98
854 114
855 178
856 165
857 101
858 95
859 84
860 58
861 101
862 219
863 167
864 216
865 184
866 9
867 130
868 190
869 255
870 132
871 122
872 27
873 75
874 108
875 151
876 9
877 219
878 117
879 200
880 33
881 231
882 256
883 116
884 247
885 223
886 128
887 85
888 220
889 82
890 193
891 159
892 145
893 249
894 43
895 17
896 106
897 101
898 191
899 224
900 22
901 176
902 9
903 141
904 208
905 31
906 101
907 53
908 93
909 145
910 72
911 75
912 37
913 219
914 25
915 144
916 141
917 33
918 176
919 219
920 7
921 251
922 15
923 94
924 244
925 78
926 60
927 206
928 148
929 182
930 223
931 108
932 99
933 208
934 72
935 253
936 70
937 219
938 61
939 194
940 92
941 234
942 232
943 187
944 260
945 140
946 58
947 161
948 150
949 172
950 39
951 159
952 240
953 48
954 75
955 162
956 153
957 101
958 129
959 101
960 119
961 262
962 164
963 145
964 42
965 250
966 192
967 101
968 123
969 171
970 216
971 124
972 16
973 37
974 138
975 101
976 74
977 85
978 59
979 157
980 54
981 95
982 207
983 3
984 178
985 226
986 143
987 251
988 11
989 194
990 57
991 185
992 37
993 179
994 40
995 254
996 63
997 31
998 76
999 128
1000 31
555 950 40
517 865 20
407 471 25
964 966 41
804 852 14
852 916 34
386 504 22
363 701 25
529 825 6
106 512 46
409 482 46
128 943 8
884 945 20
596 863 42
475 929 28
40 236 9
15 622 25
807 923 9
421 446 43
24 801 34
86 356 13
398 478 42
489 883 16
846 962 27
468 912 9
162 292 26
89 338 26
22 715 28
211 711 39
514 973 41
42 682 40
595 601 28
229 438 42
389 602 19
142 545 14
321 533 9
22 669 40
209 847 27
336 803 9
566 867 1
8 137 27
36 326 36
761 888 36
29 637 17
189 836 36
272 956 14
118 492 30
546 989 43
92 200 2
501 984 39
555 856 46
203 302 3
439 695 29
672 748 18
133 199 38
337 355 45
418 722 34
380 618 22
562 678 16
178 603 20
678 813 14
171 879 50
390 463 39
245 802 45
897 972 18
284 594 2
11 506 3
611 975 35
13 64 11
611 853 4
81 619 41
631 692 18
835 861 24
58 658 3
652 717 43
306 653 18
258 970 43
568 690 45
316 602 22
120 783 1
535 807 26
489 507 44
85 885 27
256 452 6
483 674 25
166 336 40
85 201 10
596 930 45
585 818 22
667 819 1
445 532 11
320 866 39
386 718 21
531 598 16
229 526 11
5 386 41
261 830 42
591 760 45
437 681 5
538 994 21
73 531 47
79 86 42
716 857 29
121 844 46
379 391 42
631 849 43
9 949 41
237 764 5
89 177 2
423 737 49
506 548 25
73 612 38
225 603 29
866 943 45
13 427 46
109 737 30
345 807 41
41 911 30
217 426 23
185 544 5
371 689 13
594 769 36
385 902 38
890 901 23
358 540 42
330 341 4
235 570 44
472 678 4
24 829 24
304 859 31
362 516 12
477 811 16
376 960 7
212 862 32
570 919 1
195 567 13
725 763 5
96 841 8
330 784 33
161 205 41
44 159 40
655 915 9
15 540 29
287 988 23
53 514 33
358 955 12
417 597 32
70 485 21
171 286 49
100 551 17
67 837 40
422 599 6
150 784 13
96 573 19
241 465 33
504 876 9
468 1000 11
245 976 45
429 707 8
449 539 20
411 494 27
28 144 12
700 739 36
206 241 10
182 804 20
216 906 3
769 942 35
84 962 9
39 569 2
102 104 23
221 896 21
146 381 20
143 171 21
77 887 49
635 738 38
397 816 39
38 85 16
68 639 3
779 889 38
402 764 41
749 909 48
498 933 43
93 139 21
78 981 13
287 840 26
370 973 49
88 538 32
711 996 29
591 744 45
52 791 34
310 428 36
19 76 9
356 716 44
308 444 7
150 812 45
406 686 42
307 634 11
135 666 2
56 594 38
18 784 11
918 980 46
252 751 10
456 689 24
91 750 5
752 796 24
776 981 22
341 445 1
346 806 1
165 701 24
632 735 32
625 910 13
89 986 45
273 668 11
267 488 13
545 847 37
345 461 14
393 853 19
164 769 23
256 480 8
500 845 42
464 767 33
315 992 37
363 559 5
28 285 30
933 961 23
110 615 44
133 504 41
602 797 43
293 721 22
121 505 12
202 809 29
321 509 7
69 555 10
399 528 36
699 822 12
14 346 2
72 531 41
317 345 13
102 965 30
332 919 9
255 447 4
440 973 18
337 350 46
147 563 38
728 916 10
41 960 17
122 443 4
371 874 21
166 595 43
428 683 16
226 567 34
266 698 39
492 513 43
424 1000 1
331 463 35
215 658 33
571 739 14
56 634 43
261 665 38
373 854 6
6 441 30
9 299 19
748 983 1
328 462 23
648 688 29
619 947 24
480 763 27
573 875 27
599 748 4
450 517 43
331 653 3
169 295 38
181 928 6
79 253 1
493 640 45
165 689 37
275 385 47
31 874 16
52 899 25
93 960 29
161 845 50
200 440 46
208 449 24
152 639 32
70 620 11
374 970 31
686 733 50
80 489 20
47 737 28
454 957 24
138 956 47
823 939 13
142 292 25
475 562 31
25 626 8
289 552 7
319 614 9
253 988 22
329 661 24
123 712 2
275 921 46
173 691 5
360 954 40
642 680 13
291 730 15
582 751 18
553 934 49
126 504 39
638 768 46
12 355 40
470 1000 19
75 723 44
196 890 9
1 860 6
343 813 3
99 519 35
717 855 16
211 808 33
27 912 37
444 937 41
9 262 26
641 826 44
643 828 44
243 963 9
75 621 48
410 933 19
845 951 19
270 673 27
313 934 21
856 919 1
326 749 14
376 585 12
234 437 24
87 227 9
582 858 10
624 902 30
576 629 32
88 777 36
210 795 28
175 908 13
712 786 22
7 818 29
585 711 19
647 695 8
460 500 7
340 903 19
90 648 25
122 453 45
222 661 38
406 995 7
542 687 28
325 700 10
189 440 22
639 796 23
432 813 19
155 431 34
498 748 23
351 817 26
340 790 36
73 384 17
201 950 27
467 915 50
313 465 26
857 974 25
492 521 49
339 621 46
68 752 46
766 906 36
68 405 5
521 920 9
140 676 30
5 533 10
481 913 17
595 909 18
773 935 32
89 749 49
336 464 36
340 360 35
663 956 38
93 509 24
586 676 4
809 912 49
51 633 30
811 997 44
311 381 2
501 582 33
104 683 9
535 547 26
270 288 12
248 317 11
427 927 8
88 909 20
90 767 3
188 789 4
585 893 46
295 393 3
48 724 2
419 426 37
55 250 19
464 536 10
130 589 24
197 969 7
699 759 28
776 789 13
475 587 38
351 752 35
6 595 1
311 622 29
124 632 11
341 996 50
833 979 40
341 764 48
135 526 19
327 956 10
33 549 35
442 518 13
97 474 44
344 927 38
715 878 10
322 366 38
64 580 26
325 884 49
349 535 39
226 838 14
331 388 26
960 965 17
421 788 15
77 567 50
613 877 7
560 731 16
155 792 21
158 357 37
438 874 29
256 268 30
801 942 30
243 367 35
705 712 34
153 814 13
586 688 25
669 853 43
125 658 3
123 391 2
204 840 21
215 382 18
387 828 4
372 490 40
156 742 1
183 287 13
622 703 13
489 813 25
371 893 21
618 971 37
461 506 39
302 901 44
229 555 6
215 412 10
148 299 41
60 455 18
408 938 10
796 821 48
584 631 32
433 977 29
18 46 12
457 972 7
654 914 7
147 676 44
181 503 37
202 388 27
507 793 6
217 907 42
480 839 29
231 406 23
390 657 43
127 999 31
59 181 32
515 1000 27
243 418 36
781 791 30
428 976 13
498 775 38
351 688 31
368 970 20
478 869 7
512 775 41
279 916 20
493 549 46
446 493 42
481 570 9
35 613 3
240 297 5
246 778 46
323 817 43
343 816 48
813 847 43
664 884 23
910 978 14
735 742 25
147 471 25
401 930 16
600 839 46
215 460 35
360 627 40
713 958 15
602 955 13
3 159 10
358 888 3
307 360 8
241 594 7
362 520 25
125 828 12
156 691 16
459 960 49
531 945 22
102 321 26
858 898 3
722 896 22
658 828 35
142 611 16
750 945 33
333 558 27
600 831 12
111 723 26
25 927 32
38 106 48
338 585 10
272 544 21
305 829 16
516 724 49
627 770 34
458 622 8
368 709 23
242 773 21
384 393 22
380 461 34
61 761 19
638 942 40
156 946 27
618 886 11
409 641 2
118 742 31
341 509 24
271 467 46
162 806 37
418 800 3
169 873 12
439 966 34
28 910 16
710 882 6
786 924 2
144 518 49
415 453 45
892 974 20
74 943 26
263 862 48
173 435 31
376 400 28
150 781 37
296 574 30
121 236 6
191 648 11
206 512 3
96 122 24
252 339 31
312 687 34
493 756 27
540 725 15
265 479 50
354 662 30
900 906 37
167 722 42
125 520 6
66 410 48
119 679 18
85 930 47
575 985 28
610 914 22
153 826 47
456 534 40
279 327 31
27 571 7
780 834 24
14 166 8
848 948 44
513 761 1
523 973 46
673 825 40
243 725 37
61 367 20
660 797 29
123 342 18
332 952 4
104 519 33
258 644 27
20 291 40
39 458 16
661 991 42
541 725 36
416 655 5
445 849 43
151 243 48
355 668 18
742 874 44
212 493 28
403 688 15
261 398 35
78 514 3
273 465 23
284 1000 2
43 331 19
772 914 31
338 860 17
543 855 25
343 356 50
225 489 46
449 923 12
179 847 35
565 985 13
146 236 15
169 741 31
600 880 29
280 847 35
331 483 11
74 289 20
179 430 8
237 712 26
84 656 48
852 864 17
594 678 15
774 810 49
512 787 7
825 986 46
652 855 26
26 441 35
212 888 47
293 692 28
416 674 14
126 490 20
686 769 39
35 56 38
431 579 14
82 743 36
474 577 42
515 915 13
334 766 16
497 768 47
642 929 43
352 605 20
675 895 11
152 458 22
35 941 37
10 851 48
251 803 9
83 794 41
247 564 17
283 359 1
166 257 20
457 874 2
555 691 41
307 522 35
35 960 29
457 985 49
563 564 43
745 984 22
173 970 41
727 998 45
60 244 45
221 527 31
580 936 47
623 750 1
712 896 11
235 903 35
191 897 43
310 636 28
625 638 32
296 628 46
199 598 44
2 932 34
587 677 4
360 705 14
377 915 31
45 752 35
184 240 1
779 929 10
69 443 34
15 193 27
58 854 29
358 732 43
587 715 24
229 294 46
39 904 48
486 940 5
175 286 40
577 989 25
105 938 14
610 693 21
212 272 43
57 782 48
581 821 41
180 631 32
277 409 4
281 789 47
314 529 25
112 835 7
325 582 22
564 649 38
2 154 41
145 458 50
274 455 18
58 1000 17
126 516 30
211 506 23
369 739 5
264 419 43
483 805 5
2 552 17
500 949 34
511 589 36
137 453 11
390 666 38
241 397 8
198 843 27
16 241 8
399 516 20
758 783 29
275 799 4
78 508 10
153 409 22
106 915 1
829 955 29
131 609 3
488 991 5
48 972 46
268 412 14
242 432 43
161 914 27
457 896 21
41 748 31
5 947 23
730 842 28
154 828 34
272 924 14
118 502 10
523 804 24
145 459 7
126 146 40
629 683 19
89 208 28
368 905 41
304 406 12
448 952 1
166 864 31
532 943 33
257 796 40
415 806 15
249 692 18
211 678 2
164 802 45
13 966 35
197 451 48
298 661 30
76 823 8
871 940 17
463 908 9
894 953 41
250 701 1
19 584 27
37 748 23
303 411 27
694 888 37
104 137 37
78 308 37
79 881 21
909 929 28
193 681 13
662 960 45
17 579 6
221 615 33
694 719 2
84 218 37
222 919 45
212 637 31
308 439 34
302 799 14
409 922 32
173 725 2
520 986 38
366 909 6
565 923 48
332 862 45
888 963 23
185 322 47
238 920 1
75 741 17
798 924 33
517 532 22
399 549 3
459 986 3
21 728 23
291 566 11
428 494 6
139 169 5
79 658 2
180 451 47
117 974 31
63 461 21
394 690 12
91 968 44
185 863 28
306 411 50
534 986 15
374 655 30
206 909 44
273 369 44
322 921 34
177 563 38
416 473 45
123 671 2
172 253 17
287 992 21
125 776 30
523 748 10
391 830 2
178 891 30
88 534 5
661 804 21
290 740 3
536 941 48
167 897 46
803 924 16
158 972 29
184 785 43
268 444 25
251 684 2
8 293 31
37 903 1
409 831 20
54 211 25
664 701 6
181 421 16
403 476 1
894 973 37
283 440 44
835 878 47
374 627 15
147 169 8
224 840 6
2 27 46
218 705 23
124 219 44
677 896 29
752 853 47
132 397 37
573 825 32
245 797 30
155 579 31
423 685 1
45 50 14
113 555 31
629 749 35
197 876 19
244 526 26
105 169 16
384 827 3
85 274 43
115 798 22
138 520 8
559 884 16
886 959 40
376 750 27
13 94 16
245 330 50
187 720 18
479 974 36
121 885 41
282 658 35
29 377 15
69 830 27
182 742 50
125 316 29
529 896 4
198 890 9
288 455 9
380 810 20
339 368 16
622 826 47
264 839 18
272 573 50
84 508 7
405 906 43
524 630 42
231 415 15
643 774 18
475 901 28
369 686 46
384 729 39
376 847 22
366 589 6
294 765 25
336 646 44
69 391 4
508 689 35
495 809 42
168 234 26
112 779 35
76 472 26
591 673 27
267 445 23
208 787 41
29 504 21
310 957 41
340 699 32
116 221 37
263 635 35
82 215 5
490 839 1
847 893 41
632 792 40
413 765 48
73 868 28
524 838 41
726 854 18
163 501 36
45 293 5
105 647 5
332 728 22
502 909 37
421 912 49
675 930 22
35 79 48
140 167 12
145 380 12
417 638 12
793 886 39
387 813 5
784 860 1
128 438 21
242 539 33
227 313 24
62 327 44
321 988 25
86 513 8
245 511 30
151 373 40
159 341 39
236 485 27
39 218 16
649 950 13
548 592 28
528 609 31
63 972 30
276 921 28
291 853 39
135 320 26
569 860 31
440 949 36
299 720 6
743 901 18
139 704 26
272 829 37
589 900 34
240 890 35
27 347 31
38 389 34
172 401 30
198 380 1
423 515 9
209 297 42
339 938 29
676 682 9
385 527 29
334 715 38
851 900 37
217 235 19
281 841 13
652 720 6
324 328 24
548 966 15
472 781 35
192 976 10
71 363 33
337 774 30
33 116 40
435 591 48
432 961 14
162 732 17
506 935 18
130 437 3
64 297 37
86 608 32
269 771 4
351 792 27
552 592 36
486 775 31
213 942 38
32 529 36
172 239 32
49 386 39
133 777 5
428 729 33
33 785 45
649 977 1
563 904 38
437 515 17
15 805 22
328 793 34
254 593 40
849 937 2
482 632 38
104 845 5
341 889 42
370 556 2
198 611 8
213 264 41
265 610 20
114 898 25
7 868 38
241 996 1
281 627 41
82 232 40
397 727 13
203 290 12
88 507 29
540 618 1
304 310 26
20 820 37
281 775 50
455 469 30
199 693 18
160 494 9
371 572 1
360 819 26
345 947 50
76 790 42
473 878 30
108 715 36
96 712 1
619 644 25
93 581 39
209 654 49
370 940 6
602 830 12
149 582 50
31 133 39
272 824 6
401 779 5
589 777 13
74 736 27
193 494 8
272 572 47
599 964 11
36 398 14
18 189 12
454 623 18
457 665 47
52 803 14
764 904 25
471 865 19
321 410 1
482 844 22
423 952 35
88 500 13
175 504 34
241 512 46
349 566 34
536 917 21
271 340 5
263 588 26
207 279 47
45 353 35
207 935 40
9 292 34
317 674 27
19 317 30
354 940 15
612 966 6
467 762 49
324 886 41
381 791 12
10 287 29
487 881 18
388 597 29
461 908 28
516 529 41
184 625 14
796 928 9
393 851 6
253 500 43
160 549 6
169 733 15
179 413 28
79 621 13
775 884 40
113 900 22
313 442 7
646 838 50
91 575 37
568 841 33
38 930 41
471 613 40
309 430 42
232 347 22
35 723 44
184 639 20
74 163 6
463 715 47
123 174 34
518 829 14
161 861 20
442 974 9
560 930 28
685 884 46
248 362 25
601 939 33
676 826 41
803 820 10
508 787 14
54 613 5
531 966 41
462 925 29
682 735 5
124 542 31
638 880 43
168 702 40
127 234 50
329 639 9
101 133 34
174 362 49
559 880 38
787 938 30
208 936 10
346 903 16
219 245 39
412 898 12
312 982 18
111 455 8
149 157 33
525 669 15
512 841 42
164 166 8
933 952 50
586 752 39
545 750 22
745 978 44
838 987 11
354 986 21
28 605 1
361 845 40
549 741 2
586 598 17
390 492 17
113 366 46
638 692 2
17 732 37
400 782 44
379 976 15
86 481 22
266 475 47
405 903 2
283 929 24
11 479 50
458 977 5
324 890 38
170 765 29
477 855 27
772 971 6
95 634 34
340 755 39
324 534 37
285 710 1
139 152 17
25 983 14
658 913 5
44 862 20
192 504 46
465 626 19
422 706 32
589 789 38
317 412 13
335 916 9
20 190 41
534 618 26
64 890 45
368 951 16
437 805 48
77 942 20
546 556 8
366 717 44
140 574 2
487 541 7
114 265 24
34 133 20
20 171 23
141 634 35
41 92 18
644 969 35
112 258 36
166 919 16
631 722 2
24 214 50
519 715 21
29 491 5
887 957 40
181 284 4
553 896 35
167 209 30
420 615 38
184 613 5
530 614 34
459 856 47
87 789 49
442 546 11
223 611 18
57 251 40
101 372 5
50 962 10
861 902 45
355 764 15
907 941 19
508 880 32
368 773 40
61 311 46
504 705 41
460 822 44
232 317 12
83 750 40
142 891 42
22 786 24
365 451 10
12 129 24
490 881 47
320 724 1
256 830 43
109 473 31
490 779 9
336 340 36
73 282 18
713 738 43
135 811 11
11 504 19
537 658 15
87 432 13
269 963 27
50 948 34
206 753 28
119 182 12
424 539 42
246 474 16
323 378 11
392 733 22
340 499 14
206 950 26
11 542 2
253 703 27
35 74 50
156 523 34
220 734 11
11 749 18
568 922 13
524 993 4
315 562 42
615 974 19
523 800 14
61 951 15
114 430 16
12 276 50
207 301 1
745 851 24
183 565 50
537 617 25
321 939 3
49 616 24
711 917 26
584 681 37
608 982 47
196 774 19
365 577 39
253 409 3
39 490 37
160 363 3
56 103 44
173 963 24
263 500 38
253 341 45
605 732 31
128 550 31
748 883 4
33 747 46
121 154 25
463 731 46
616 678 35
67 658 12
584 965 48
543 620 37
318 659 48
187 980 33
86 692 24
717 858 1
537 902 46
597 649 22
182 430 3
307 399 40
523 554 16
243 888 30
373 450 15
150 224 5
222 731 3
635 910 46
153 903 19
137 693 20
229 288 25
122 132 38
380 953 11
193 927 4
800 811 5
120 528 2
477 833 50
623 862 26
889 918 2
423 858 25
733 811 1
442 482 26
124 445 15
139 237 31
402 745 30
768 846 43
354 638 28
27 290 27
817 918 37
372 873 19
95 861 19
760 796 23
391 461 32
649 803 41
757 944 23
588 933 40
129 663 25
253 594 22
170 828 2
313 559 46
736 977 18
87 863 2
289 995 46
724 936 32
272 414 32
66 580 30
141 556 39
947 961 27
24 618 32
53 560 4
270 320 37
244 624 29
51 824 20
397 797 2
689 725 41
372 951 12
675 767 2
187 509 30
35 272 9
356 681 48
421 637 27
777 943 17
337 908 43
96 736 28
126 531 19
466 730 41
81 518 14
124 206 11
51 360 44
434 899 39
368 539 11
190 440 7
36 290 44
10 925 44
733 947 40
527 529 20
221 946 50
21 492 15
558 988 38
202 732 17
73 158 22
37 112 50
28 893 37
867 984 6
64 828 37
256 742 14
455 613 6
399 895 37
388 514 32
496 725 42
60 225 45
16 920 35
827 878 6
233 981 6
203 611 27
289 608 20
45 98 19
74 533 41
441 709 15
606 743 29
24 104 36
612 945 18
285 602 14
10 26 14
27 990 23
466 831 38
480 903 7
190 680 26
483 804 18
200 839 25
50 548 45
146 688 29
288 889 42
669 980 43
351 444 14
444 577 14
174 687 33
68 69 47
101 682 34
799 843 9
445 521 20
172 920 13
256 811 13
31 699 18
95 216 33
857 957 1
641 970 6
38 577 12
612 695 23
672 986 3
477 819 18
102 621 21
397 502 45
419 548 12
308 757 14
71 595 48
254 771 43
464 739 3
369 883 48
760 823 26
531 999 8
688 915 16
226 465 14
938 999 46
227 767 4
353 411 33
310 919 5
16 820 29
712 744 44
122 865 14
11 143 19
794 927 39
66 174 3
53 844 35
656 991 13
514 850 27
68 185 42
181 611 13
482 664 50
279 537 3
362 530 44
41 714 39
754 840 47
469 794 28
75 759 2
53 955 25
333 872 28
477 909 2
110 312 27
238 629 14
135 705 3
303 403 38
339 843 15
33 859 28
22 915 49
118 744 45
194 417 30
352 442 40
328 905 40
74 103 4
166 621 11
150 337 43
84 627 19
216 631 6
69 431 44
92 547 29
49 774 20
260 993 26
95 780 46
758 876 15
657 741 36
49 741 35
978 985 48
64 173 23
369 841 43
39 246 18
232 409 36
502 951 6
13 745 10
247 480 46
288 998 11
161 621 21
100 300 2
102 959 42
109 907 40
224 829 43
663 859 4
631 892 15
83 400 34
148 268 7
124 665 26
656 953 9
222 343 50
330 886 2
649 723 22
736 767 1
568 751 31
767 973 24
231 632 22
686 953 19
620 639 42
102 139 24
291 479 21
141 395 28
577 656 8
229 910 12
165 748 25
240 621 31
86 720 47
117 599 47
32 810 47
127 387 31
335 523 5
349 496 48
258 892 21
585 907 27
344 540 10
136 636 4
266 826 48
333 490 40
240 639 28
101 685 33
843 1000 24
483 486 32
125 531 2
590 960 30
314 440 4
231 420 3
713 860 50
91 822 29
926 931 7
299 980 46
114 295 26
297 513 49
88 95 5
447 810 26
64 562 50
227 788 1
374 583 22
849 865 2
15 225 49
534 686 41
558 939 10
562 656 39
77 105 15
843 928 32
287 415 11
145 852 20
57 139 7
744 821 27
342 437 33
246 364 47
815 888 48
284 963 50
213 689 19
475 959 31
460 784 36
60 664 36
98 836 27
16 609 16
6 508 2
276 813 43
12 211 9
817 909 19
435 494 8
367 729 13
41 428 26
261 734 31
468 873 26
699 792 39
58 583 2
749 881 2
270 348 36
325 517 35
127 833 15
175 261 43
61 623 46
365 785 18
517 745 48
239 317 19
269 659 32
97 175 28
451 454 4
471 864 32
57 864 10
362 474 42
615 665 14
869 982 40
357 754 5
403 597 14
715 951 44
234 460 37
74 771 44
685 913 29
213 546 24
364 500 26
122 630 50
486 884 26
673 788 39
856 867 13
87 159 49
122 911 48
155 453 10
970 982 28
162 771 2
2 34 9
48 289 20
129 659 19
615 948 20
28 62 2
693 823 21
40 819 39
888 911 38
78 776 37
248 290 1
149 247 33
868 894 15
684 824 45
77 723 40
652 695 5
107 362 2
567 966 40
686 910 50
390 722 29
23 520 45
775 930 30
544 865 46
57 569 37
163 777 45
271 611 37
193 614 20
486 726 16
44 291 12
466 565 44
182 987 11
845 918 31
530 624 14
385 419 37
555 672 27
699 799 45
109 359 7
526 848 6
422 470 39
298 660 48
731 888 6
173 820 34
359 492 30
303 920 40
336 627 18
341 469 19
706 758 46
149 664 17
498 621 30
162 234 5
19 419 25
28 35 36
147 925 41
309 533 23
106 912 49
696 992 47
352 794 7
388 483 47
683 946 42
97 743 40
668 764 41
280 937 36
174 487 21
681 844 2
139 952 14
45 229 9
58 771 24
32 695 29
43 931 44
476 801 7
575 788 21
42 427 19
56 130 4
439 776 42
101 711 33
294 855 39
501 708 2
230 371 23
332 998 36
73 88 20
121 442 10
700 949 50
324 498 50
166 375 12
621 817 4
129 289 14
8 975 29
319 326 29
263 879 7
514 967 11
65 400 8
29 260 39
684 820 47
812 873 46
560 933 20
406 955 26
427 586 47
513 788 34
92 626 30
278 316 22
701 853 14
773 957 41
51 900 27
73 755 19
737 836 36
411 963 5
302 717 18
154 317 48
96 831 46
431 799 1
366 500 7
312 732 41
348 388 12
437 881 6
277 885 27
202 205 32
478 972 19
795 862 28
389 777 6
218 708 46
552 924 10
434 487 21
510 553 27
212 642 42
621 798 20
103 930 36
58 919 24
264 404 33
286 619 33
233 508 35
340 508 2
67 487 7
543 848 30
82 934 7
482 918 16
295 361 14
66 442 42
463 570 14
625 708 2
173 777 40
343 379 30
500 546 48
116 847 2
193 314 21
547 893 5
221 617 50
395 643 37
335 750 14
357 902 26
24 585 19
318 426 40
109 608 6
581 883 18
665 689 30
454 560 22
152 223 26
38 162 10
573 667 49
840 927 45
721 977 35
510 699 7
450 486 11
8 811 39
47 364 32
155 252 10
498 917 17
257 839 38
122 974 3
456 933 13
397 998 28
627 693 15
867 873 41
111 302 48
666 771 35
346 475 27
210 540 40
656 863 4
127 947 29
30 937 25
230 394 48
145 507 50
79 564 5
554 995 6
18 547 41
129 934 41
125 925 47
447 467 36
99 354 38
142 557 8
387 782 16
793 957 16
37 626 35
510 685 10
162 855 47
188 414 5
421 456 48
129 472 26
27 999 4
489 996 43
807 935 17
156 216 27
732 977 29
86 852 11
125 767 8
524 820 25
111 468 35
418 517 31
22 413 17
65 387 34
291 346 1
129 295 28
437 542 2
367 958 16
78 984 8
720 933 9
248 619 43
410 808 21
548 911 49
175 856 6
400 975 4
848 913 18
181 686 40
903 925 30
557 825 33
163 547 35
632 843 26
307 762 28
250 399 23
180 966 48
457 962 46
283 536 35
355 446 6
832 876 47
408 509 24
177 270 28
457 513 36
644 948 27
738 895 27
203 364 50
406 889 2
552 652 11
434 548 10
635 808 40
351 640 27
671 939 28
106 832 18
475 937 13
818 903 6
194 846 25
324 975 15
104 350 29
349 706 28
321 372 23
114 754 34
2 890 30
365 445 34
43 109 37
65 325 2
376 482 38
633 920 8
10 219 29
283 395 15
150 227 11
417 742 9
121 733 14
531 979 30
648 938 34
597 731 38
360 661 42
631 988 14
256 280 7
659 892 1
460 996 13
314 618 36
468 646 30
317 924 43
709 877 35
48 710 36
795 915 5
542 673 37
23 500 39
158 554 27
62 174 42
336 742 33
56 113 2
256 826 45
211 295 26
154 633 49
282 431 32
469 586 8
60 688 40
247 577 1
478 717 12
48 611 19
60 741 35
54 940 41
581 686 40
472 735 46
419 545 26
118 486 39
663 893 15
481 526 47
262 405 27
241 706 50
247 501 7
297 441 5
55 401 32
405 887 6
231 882 16
350 967 2
2 442 26
622 976 2
880 913 27
591 965 7
311 790 25
621 838 4
457 806 31
797 883 1
2 217 33
312 358 18
665 994 22
273 860 49
302 618 10
116 890 10
162 470 30
25 472 32
43 356 49
250 417 20
414 992 43
252 574 16
178 323 29
603 653 11
308 993 29
197 871 25
442 629 37
112 778 44
3 560 30
346 372 25
538 841 22
673 842 22
110 233 31
128 457 14
268 615 6
258 901 27
905 955 33
96 761 39
589 762 36
214 372 18
110 128 12
283 696 47
54 996 27
521 765 45
144 466 21
386 549 41
518 757 50
52 60 11
791 830 6
900 978 4
355 772 48
362 844 11
111 695 17
681 936 4
98 598 37
731 761 18
271 962 24
399 479 43
220 425 47
580 704 27
52 77 38
194 315 29
545 571 33
453 591 38
645 658 16
472 922 1
538 883 18
69 483 45
334 371 21
190 990 25
113 315 48
597 677 8
89 736 32
451 736 32
90 509 16
218 972 12
644 823 9
269 726 41
170 794 7
117 244 37
125 431 33
404 670 20
654 657 31
623 745 38
18 728 46
584 705 27
562 735 12
358 416 45
355 492 9
356 920 25
49 223 9
854 889 16
570 599 23
195 793 36
35 490 24
175 466 9
11 303 40
82 891 34
32 907 42
147 834 41
872 928 32
908 952 12
696 866 44
62 480 12
478 660 32
5 290 7
618 748 49
252 826 27
188 744 27
364 463 14
111 673 35
289 350 14
755 795 9
230 474 43
184 928 39
533 817 10
362 915 10
406 607 45
54 852 42
285 944 32
438 880 33
103 578 22
550 904 26
630 807 49
351 481 9
260 985 37
531 725 24
43 454 41
97 195 22
50 892 46
158 932 26
442 773 13
457 810 20
324 805 23
11 514 50
728 798 5
382 483 15
549 560 28
729 990 8
438 444 44
112 769 50
273 978 18
288 848 9
232 379 37
118 204 16
433 626 4
2 837 31
583 652 47
211 220 23
96 561 33
150 778 1
141 980 47
234 503 28
106 886 8
48 913 13
540 606 40
226 449 49
168 208 38
27 749 25
539 753 18
552 988 22
804 984 16
422 960 39
390 689 28
628 728 9
406 845 23
246 589 8
634 793 27
281 813 31
250 875 33
133 498 26
183 836 37
153 260 11
153 778 26
205 736 5
818 921 8
78 710 39
791 1000 1
169 709 46
267 578 6
81 740 38
59 913 27
267 716 30
147 978 7
804 902 38
869 901 44
124 130 42
527 724 31
5 781 38
554 836 7
137 177 20
520 852 19
213 924 27
749 823 35
16 171 17
259 278 10
38 975 38
66 617 35
44 873 40
658 741 42
313 979 37
151 263 45
234 463 5
214 261 33
889 985 3
64 886 13
46 678 23
460 871 25
200 528 44
455 621 43
127 230 7
21 812 16
20 772 5
26 832 30
8 217 45
346 610 45
254 514 7
425 558 33
47 462 11
817 882 2
469 477 20
724 901 7
422 528 15
112 648 29
285 932 28
313 961 13
119 650 30
436 488 28
114 548 32
35 820 18
208 508 8
393 704 6
436 528 39
223 243 21
605 896 41
175 459 25
67 351 8
522 907 16
533 618 1
368 714 17
36 373 33
328 606 42
87 644 37
266 936 3
181 705 27
241 576 8
644 664 42
393 475 48
129 411 49
863 890 28
851 924 39
402 560 24
311 947 43
621 751 46
47 968 23
287 340 2
280 822 23
25 524 11
759 880 50
312 443 44
387 413 29
53 386 43
414 973 49
235 339 30
118 263 38
152 569 1
124 966 32
55 512 5
136 244 40
166 359 5
335 687 22
338 497 18
349 816 5
246 479 40
9 158 27
171 577 36
124 375 38
400 545 36
801 976 16
84 131 48
621 971 22
59 249 10
302 911 49
238 471 35
146 330 14
512 946 22
23 210 43
127 483 7
12 475 20
485 486 8
205 270 34
691 755 27
415 747 16
240 976 31
167 384 29
179 584 19
213 596 20
449 610 4
69 527 34
139 509 49
49 70 33
816 962 31
284 498 49
594 964 7
400 451 32
212 995 30
417 707 40
403 979 42
284 478 10
27 327 38
399 878 13
259 663 39
191 856 5
156 633 30
439 605 38
100 415 39
258 825 19
55 655 45
80 130 38
454 924 23
389 946 1
195 330 48
163 503 19
266 393 20
95 680 44
156 820 24
622 882 21
42 917 12
171 256 9
442 444 35
76 713 23
676 930 10
668 891 30
50 761 28
367 847 12
342 612 21
668 832 24
95 907 8
822 944 50
413 608 7
858 969 13
695 853 35
27 294 2
906 921 41
5 372 30
524 593 49
22 730 14
33 299 37
546 958 2
17 789 29
221 697 50
59 211 1
317 916 20
128 920 28
74 458 6
448 673 3
321 439 15
11 398 3
108 310 8
685 697 22
220 867 30
260 720 4
97 718 45
421 600 46
593 610 30
155 370 9
325 891 17
41 212 21
447 509 45
120 558 30
499 568 16
488 744 36
173 631 47
351 469 27
103 308 47
362 683 18
716 869 7
265 415 7
453 553 35
23 151 33
416 486 45
33 100 14
38 570 25
235 282 28
54 443 4
301 718 30
136 168 4
898 953 10
446 870 41
350 691 49
82 911 34
513 529 10
4 606 10
439 912 13
273 286 37
923 945 50
180 359 18
212 315 30
145 853 18
94 110 20
481 780 22
347 415 11
614 927 2
351 892 31
198 294 26
528 788 37
327 672 38
189 223 2
52 297 13
168 631 49
249 327 32
836 896 35
149 805 39
287 998 20
524 682 9
614 688 29
698 813 9
80 832 8
328 617 36
645 791 9
166 229 28
279 418 7
112 633 5
79 488 38
603 887 29
44 777 3
689 702 21
152 984 31
483 520 24
92 697 8
194 885 32
221 740 36
266 929 32
955 976 29
46 511 48
779 890 29
37 501 33
691 977 37
181 667 45
478 623 50
221 537 14
103 866 21
15 893 24
115 335 28
242 899 41
189 775 48
457 753 21
126 735 47
241 670 4
26 891 34
183 278 29
474 510 39
6 111 49
18 824 20
568 580 25
221 553 37
68 647 23
874 987 10
300 499 20
38 397 7
224 503 40
514 827 34
664 976 23
206 603 33
377 849 33
289 294 28
359 638 45
196 819 27
338 801 29
3 654 46
454 624 11
332 613 21
30 644 14
339 506 27
785 896 11
689 963 34
194 892 42
781 839 21
421 642 26
17 697 40
178 799 28
356 788 12
70 381 37
423 809 30
507 626 29
469 872 25
640 814 33
91 251 50
575 816 30
709 935 17
535 840 10
649 850 30
574 695 18
658 846 43
375 863 7
232 652 14
79 795 1
611 679 18
562 937 31
52 533 50
172 316 50
253 568 17
214 561 19
610 967 20
391 867 43
442 607 4
197 939 36
47 296 17
719 949 15
55 546 17
62 647 39
340 929 27
26 154 47
574 657 25
639 651 39
165 894 40
19 875 39
830 994 33
419 472 34
215 320 45
86 121 4
178 464 29
316 398 14
242 354 49
744 859 13
156 640 16
58 955 5
57 279 14
501 586 39
681 943 30
257 963 2
568 910 45
618 912 15
306 546 22
178 444 9
148 520 12
494 929 47
179 210 32
78 749 26
127 182 6
206 589 35
352 372 22
476 616 44
244 414 42
571 871 9
344 420 28
462 692 10
535 561 50
114 517 24
446 622 34
598 897 2
57 940 32
424 573 12
762 772 15
297 838 20
19 460 11
451 628 37
175 870 6
66 730 14
57 690 4
93 413 49
374 548 38
382 749 18
159 886 49
287 791 28
300 721 11
36 315 37
594 870 27
503 717 32
161 829 47
200 643 39
220 239 30
863 922 22
617 944 8
558 781 42
175 641 37
26 276 15
370 659 29
906 917 38
179 193 14
234 821 9
155 827 29
507 941 8
545 615 31
217 979 29
293 464 36
230 772 27
362 523 44
866 918 37
590 967 48
84 396 28
92 107 14
295 424 42
346 500 4
20 869 25
63 178 36
631 769 2
381 974 18
231 986 9
53 599 47
625 849 36
910 979 3
123 335 2
381 688 17
127 404 48
500 702 33
304 322 43
313 521 36
436 711 19
259 462 14
295 508 28
763 851 2
198 274 12
470 620 1
239 648 29
8 702 21
605 609 21
320 450 40
176 735 18
493 771 23
648 917 50
258 888 17
442 647 1
612 809 24
528 743 12
474 707 4
77 266 12
58 565 35
465 938 26
493 697 44
453 595 38
725 832 49
811 888 42
729 961 45
203 568 24
517 905 35
164 301 43
113 634 30
624 746 35
297 857 44
699 883 13
274 582 32
117 914 16
20 987 46
364 907 3
425 988 1
152 768 32
259 772 9
49 809 28
717 997 30
763 978 15
613 712 20
137 270 8
486 840 24
484 627 45
606 986 18
99 478 27
27 942 24
438 650 18
75 462 50
117 918 31
152 583 3
251 789 33
234 456 47
502 959 37
17 279 7
114 958 27
307 558 40
288 336 3
186 576 21
219 731 48
66 492 3
309 956 32
71 835 47
595 933 5
748 864 8
34 38 19
656 768 3
222 313 34
359 732 40
388 723 40
30 49 45
135 414 50
179 453 32
236 950 34
335 717 6
447 846 25
558 683 34
619 970 1
10 784 37
321 476 41
646 953 39
670 992 7
316 863 2
549 687 1
683 739 4
390 435 37
369 582 21
281 490 24
76 638 26
363 540 32
562 658 47
169 374 37
389 745 30
413 456 46
720 842 22
744 759 31
13 962 39
395 926 24
105 954 31
202 543 28
22 173 45
465 506 12
21 632 1
49 582 36
58 754 5
352 970 47
151 907 14
89 906 26
136 153 46
283 604 10
52 577 24
895 949 15
165 931 47
367 605 23
587 856 17
347 395 49
838 922 42
333 826 9
37 451 6
14 228 22
237 617 24
119 393 3
153 333 41
347 393 14
74 326 39
85 725 27
143 750 30
368 656 35
370 517 16
339 507 50
50 363 7
26 249 23
486 823 9
36 513 49
23 262 18
198 589 49
134 615 31
513 848 8
87 1000 50
432 731 1
436 582 48
384 807 24
52 973 39
632 992 8
9 808 4
162 931 30
255 758 28
181 867 7
299 737 9
61 511 48
185 375 28
402 579 37
679 709 9
426 775 41
710 724 16
101 787 2
146 436 8
73 437 14
62 247 14
214 791 32
393 520 44
331 344 37
395 494 46
306 462 2
495 982 37
169 249 17
385 472 27
710 907 36
370 642 29
684 974 26
24 546 44
537 688 27
314 483 22
275 798 20
730 792 44
546 612 48
125 506 19
744 866 32
38 868 6
652 726 12
103 474 10
291 851 46
443 938 4
212 971 30
609 771 18
616 729 28
613 694 8
349 619 4
819 836 25
192 751 9
234 852 30
732 995 19
774 875 43
829 972 36
413 816 36
212 520 17
423 786 39
335 364 12
201 478 37
285 479 12
16 234 22
532 597 49
151 970 29
532 998 12
566 721 14
156 271 16
48 847 48
709 731 34
883 990 31
342 925 47
706 820 33
20 186 13
300 634 5
294 733 23
470 745 24
259 886 39
311 834 20
794 870 10
441 894 32
518 696 4
501 720 13
246 901 36
282 423 50
620 978 40
977 998 13
19 678 10
539 813 25
585 648 17
834 940 40
38 574 7
29 614 4
778 997 12
114 644 35
232 506 9
103 195 22
106 111 26
98 577 6
866 883 23
438 795 10
322 495 20
729 975 44
389 706 22
13 683 47
590 621 38
55 396 42
414 647 22
157 438 28
155 249 33
278 799 3
464 931 41
64 609 33
200 275 16
162 171 20
565 657 10
936 981 4
3 440 50
495 979 43
106 278 39
49 715 12
160 893 25
72 176 39
247 386 43
459 901 15
176 475 12
482 866 26
237 801 47
231 566 29
248 506 18
351 529 43
30 172 15
104 579 36
396 516 13
210 537 29
494 890 34
157 560 36
226 997 39
46 226 35
746 987 34
91 96 5
411 625 6
674 895 1
316 582 26
199 601 8
243 587 7
303 710 39
34 510 32
405 436 1
355 493 38
149 456 50
202 759 30
653 847 48
311 580 33
847 939 42
609 922 9
565 779 32
321 724 32
184 225 16
231 866 28
122 815 50
130 738 3
557 974 31
712 784 17
161 684 9
760 831 41
58 219 38
295 455 36
466 987 20
417 658 21
542 727 6
226 559 21
83 852 35
791 862 20
12 762 31
856 876 48
575 590 42
184 194 48
495 510 14
5 723 32
413 876 31
158 719 28
532 572 26
36 980 29
474 659 37
135 703 31
83 231 30
215 776 31
19 474 1
714 904 38
241 525 9
69 912 18
20 789 26
733 867 12
331 646 27
576 766 32
333 984 18
33 256 13
152 272 13
220 963 25
2 426 35
602 896 17
19 663 4
590 956 38
245 360 39
127 934 43
158 623 43
95 986 41
209 418 27
338 348 10
272 487 12
481 977 47
421 837 45
3 230 1
317 999 11
667 978 17
345 991 34
119 409 5
367 899 13
203 679 1
137 990 2
489 805 21
330 486 36
369 847 39
658 909 35
391 415 7
568 780 2
241 632 44
473 565 10
44 279 49
581 605 32
363 579 36
665 880 10
368 923 5
617 980 34
487 490 18
435 505 20
157 229 7
434 625 34
594 696 6
154 897 24
587 793 4
112 924 19
193 739 16
354 966 33
155 206 44
281 904 22
122 281 39
179 510 1
209 540 10
798 939 24
267 901 44
839 908 11
497 622 22
200 644 2
30 217 26
840 885 35
502 955 20
736 880 19
291 527 30
940 982 5
289 343 30
112 228 27
275 573 36
447 782 36
267 279 10
585 981 25
219 561 19
751 863 17
409 907 47
7 482 17
11 466 3
279 932 41
71 368 14
369 547 3
267 705 26
680 930 22
313 491 1
229 326 10
59 205 35
76 692 11
242 421 34
786 897 5
281 315 29
499 923 34
358 960 25
932 958 4
45 396 33
26 347 14
86 653 37
505 508 6
205 951 35
338 691 33
599 721 34
230 524 23
223 586 18
270 645 29
9 993 44
195 218 32
22 904 8
188 845 45
85 203 47
34 255 19
489 804 37
281 457 45
644 693 23
841 959 48
220 568 28
469 764 27
261 286 15
368 743 25
381 808 42
134 466 24
156 190 17
148 908 14
202 515 10
481 937 34
348 621 8
30 268 21
585 606 14
318 592 17
945 961 20
224 445 50
93 336 19
546 675 46
310 351 20
324 531 40
542 799 42
420 838 31
294 615 11
539 737 44
342 506 15
139 492 16
135 578 32
811 865 11
138 180 4
467 711 24
142 527 38
264 590 39
29 66 42
144 662 13
72 444 47
265 958 29
647 701 15
290 790 36
241 520 14
231 481 29
322 622 33
237 990 46
355 660 44
864 904 15
474 999 47
398 989 37
449 535 39
775 934 4
580 815 49
110 370 35
688 754 43
367 566 38
205 843 6
574 775 22
726 810 40
267 747 32
191 609 36
327 762 30
741 843 32
547 779 28
84 893 33
721 763 37
95 469 40
398 514 22
145 936 22
608 754 18
460 761 50
154 951 36
276 500 26
258 813 48
866 904 4
4 943 2
378 727 41
271 661 50
193 945 31
672 707 14
333 880 10
64 675 36
670 902 23
184 489 32
42 393 31
330 683 28
76 810 19
66 640 25
79 809 48
288 590 33
560 754 11
255 724 22
569 695 39
104 771 44
748 974 31
50 813 5
119 215 4
342 693 27
344 876 18
882 937 30
60 227 45
831 941 19
434 641 37
272 684 43
445 896 43
21 348 32
58 140 28
281 706 39
299 375 29
8 526 20
522 770 33
111 467 30
343 367 13
115 165 2
702 962 11
364 462 14
138 653 49
303 938 48
330 742 37
619 933 5
67 912 13
132 642 41
9 614 36
371 447 38
783 840 31
137 470 41
707 938 5
28 379 20
363 895 45
125 719 25
343 761 20
212 694 18
206 551 40
260 303 17
716 749 48
87 297 21
247 955 1
541 793 40
267 574 23
145 797 30
693 851 24
347 929 3
356 683 22
445 869 29
518 980 22
72 479 18
105 272 26
224 278 10
140 910 31
255 604 3
121 516 48
344 680 27
402 561 27
20 788 24
367 851 36
416 492 37
486 574 13
670 960 29
32 986 38
155 554 38
23 627 33
23 989 18
686 951 12
600 749 43
346 913 14
603 759 34
61 550 20
383 680 1
414 785 39
71 87 10
394 785 2
301 430 41
62 575 28
721 777 24
749 760 12
347 512 6
26 646 36
52 151 28
326 390 25
215 287 48
204 402 43
785 863 9
280 734 12
142 460 42
321 440 9
943 945 36
22 128 13
60 353 10
199 511 33
142 171 37
555 825 31
292 883 5
257 545 35
79 227 48
292 307 33
125 459 43
612 948 1
260 499 45
158 621 9
693 868 9
490 645 50
554 980 48
807 810 8
296 637 47
154 522 17
455 659 21
87 788 17
17 248 27
696 836 42
487 663 41
25 665 6
91 472 36
633 822 6
420 771 37
217 607 8
3 911 24
255 513 1
774 867 7
197 667 50
24 315 37
90 650 6
482 782 38
513 979 14
237 265 35
803 848 36
248 359 50
340 601 7
408 652 24
23 812 37
863 882 33
522 989 46
78 956 1
121 613 5
55 428 12
672 816 43
155 712 9
711 854 17
565 639 6
743 906 37
788 929 19
127 135 23
108 641 7
456 970 14
260 941 21
949 953 10
270 582 21
45 283 37
608 961 8
364 748 12
77 527 12
4 522 12
104 382 26
441 763 3
440 494 37
480 849 50
446 961 1
626 856 43
455 937 1
165 980 40
685 698 10
11 456 26
159 418 34
360 945 38
757 864 46
482 602 4
475 495 31
91 547 32
217 921 33
551 952 37
339 736 41
518 606 42
207 413 18
464 946 47
908 966 39
81 391 25
82 883 42
199 788 8
321 457 28
594 856 13
395 922 5
937 991 48
100 896 15
324 830 14
192 877 47
11 661 39
759 983 19
385 819 21
160 268 39
391 859 4
151 213 31
67 399 24
184 978 23
197 786 11
455 996 18
363 450 34
322 749 13
454 617 5
554 841 3
306 592 48
179 708 16
67 320 46
187 902 47
574 808 43
619 986 44
885 899 14
232 910 41
462 918 49
490 615 29
250 511 1
10 698 37
169 411 3
171 283 41
451 682 37
34 685 13
19 554 36
34 651 49
480 591 14
418 547 41
492 854 6
472 996 46
39 118 37
120 229 31
475 800 20
725 751 1
651 900 1
45 358 24
273 471 47
696 792 42
184 772 30
722 999 26
373 800 11
486 830 13
388 582 12
110 944 3
81 753 17
224 310 24
373 702 45
415 652 9
276 690 16
246 340 48
343 840 27
387 534 48
52 889 23
93 946 23
353 638 12
832 882 14
755 842 42
714 894 31
309 921 9
774 936 45
72 804 3
142 848 36
118 200 46
307 955 1
73 769 13
636 897 9
296 736 44
308 436 17
654 809 18
10 356 43
778 968 4
929 973 46
311 504 36
134 771 47
100 552 34
416 673 32
1 528 23
595 800 23
675 838 9
411 704 30
543 627 2
19 903 33
311 675 32
57 560 28
891 931 47
85 303 20
142 202 1
317 400 26
177 890 47
279 788 18
312 772 33
875 936 5
233 889 11
56 379 30
662 990 20
24 964 45
592 934 27
244 561 5
49 128 21
158 338 26
318 324 25
420 752 38
52 854 15
30 82 5
560 852 42
290 864 37
155 282 8
64 420 14
304 638 44
474 767 30
321 791 47
702 972 16
262 485 29
2 174 26
103 429 5
282 628 17
64 253 44
157 337 24
847 984 47
314 988 36
199 257 21
421 913 24
32 68 2
188 227 28
331 832 36
116 306 24
569 571 23
3 785 15
549 823 21
582 939 11
725 846 7
370 803 21
158 935 38
77 172 4
560 723 23
422 841 16
578 653 30
819 887 40
733 766 28
89 892 47
258 752 48
239 931 8
87 581 29
387 859 29
330 449 43
421 582 12
339 641 35
141 865 42
573 831 44
524 738 1
209 467 30
765 792 8
577 990 22
182 196 34
412 587 32
686 982 1
557 718 47
239 729 11
17 481 46
63 730 30
598 867 5
150 652 10
533 847 36
438 596 38
82 499 37
933 941 49
512 852 44
464 570 38
362 765 9
298 509 10
104 751 33
26 967 5
126 799 11
572 837 42
409 850 44
747 992 17
536 558 4
131 232 45
263 699 30
138 762 38
111 861 35
19 250 1
624 764 7
782 787 35
426 571 43
53 762 33
245 381 21
388 750 10
366 755 5
13 208 14
31 178 17
653 902 33
589 638 14
174 448 26
263 925 11
827 870 20
421 724 44
8 366 5
715 930 22
517 571 11
367 528 11
284 316 45
141 566 5
379 654 45
561 679 24
698 739 21
87 216 3
883 941 27
166 912 5
103 476 43
12 197 35
628 858 12
364 678 48
71 605 49
329 671 28
269 471 47
393 787 14
542 735 29
205 538 23
178 297 50
60 177 34
644 767 30
126 923 43
125 466 15
707 823 25
24 969 30
86 840 31
