200 700
1 181
2 39
3 210
4 84
5 106
6 93
7 69
8 175
9 12
10 203
11 186
12 14
13 135
14 168
15 216
16 154
17 83
18 128
19 71
20 243
21 215
22 166
23 156
24 3
25 36
26 88
27 138
28 2
29 261
30 183
31 207
32 127
33 176
34 24
35 132
36 155
37 111
38 101
39 187
40 223
41 192
42 152
43 141
44 119
45 214
46 238
47 150
48 86
49 108
50 251
51 253
52 138
53 72
54 236
55 62
56 99
57 92
58 188
59 219
60 38
61 9
62 229
63 167
64 209
65 47
66 55
67 41
68 84
69 220
70 229
71 135
72 121
73 110
74 143
75 150
76 41
77 33
78 261
79 249
80 102
81 83
82 61
83 159
84 69
85 100
86 221
87 242
88 132
89 200
90 234
91 212
92 13
93 145
94 116
95 206
96 55
97 247
98 149
99 79
100 256
101 117
102 86
103 37
104 178
105 67
106 208
107 131
108 15
109 48
110 5
111 160
112 156
113 194
114 208
115 61
116 17
117 224
118 104
119 237
120 18
121 146
122 206
123 88
124 90
125 48
126 221
127 122
128 161
129 128
130 218
131 150
132 197
133 73
134 198
135 19
136 52
137 259
138 74
139 168
140 4
141 158
142 222
143 176
144 80
145 38
146 208
147 79
148 110
149 160
150 9
151 239
152 2
153 171
154 171
155 13
156 207
157 86
158 7
159 213
160 245
161 81
162 72
163 152
164 239
165 209
166 167
167 218
168 56
169 111
170 121
171 180
172 168
173 250
174 18
175 124
176 154
177 35
178 87
179 62
180 94
181 53
182 105
183 31
184 56
185 43
186 4
187 157
188 128
189 38
190 254
191 197
192 107
193 108
194 52
195 38
196 125
197 149
198 161
199 117
200 180
118 188 19
35 132 32
34 115 5
123 169 30
19 96 2
53 84 27
143 163 35
57 109 49
28 58 17
21 123 19
62 65 43
96 172 27
53 70 28
12 70 11
26 82 45
41 66 31
28 33 15
108 137 29
21 120 17
62 110 23
97 194 15
98 154 49
13 97 22
34 98 1
113 162 32
90 121 3
40 199 6
62 90 39
155 166 21
7 175 6
26 46 27
16 149 23
35 144 21
80 101 15
40 183 28
7 183 10
48 87 48
85 153 48
61 126 41
128 153 45
25 53 20
109 143 15
66 97 14
28 29 38
9 163 43
57 86 50
15 160 37
85 162 25
125 163 3
139 146 13
131 151 13
57 196 12
162 198 12
194 195 40
45 196 43
170 188 19
88 128 27
41 199 9
61 162 12
76 151 3
94 111 5
80 160 37
105 162 49
78 125 8
27 42 10
23 134 32
23 37 38
152 153 22
109 144 22
134 184 31
63 82 3
7 77 38
27 138 26
52 129 4
53 78 6
70 175 6
22 119 14
64 101 41
100 189 22
45 198 23
69 150 29
123 145 8
44 158 18
7 133 48
47 137 33
54 98 41
56 153 44
109 156 8
30 182 30
26 181 7
62 191 16
2 25 31
78 177 25
61 152 10
49 154 23
118 119 25
3 189 14
1 29 24
37 44 39
153 157 46
21 169 42
138 139 24
76 142 13
27 35 39
7 167 12
100 129 42
73 116 1
139 171 33
38 93 30
99 121 3
119 200 43
53 115 19
27 153 45
173 192 41
103 168 18
79 112 35
45 68 27
132 144 5
88 166 6
78 129 39
11 20 38
60 152 12
61 107 25
4 110 6
1 23 5
105 136 15
62 188 14
66 143 26
150 189 25
172 195 12
18 56 39
1 169 2
84 131 27
81 149 50
24 88 18
34 148 12
139 175 14
46 63 46
27 136 19
177 193 35
130 146 44
128 196 37
105 108 5
18 115 8
102 127 11
144 154 23
56 126 9
9 137 43
89 103 44
60 140 7
139 169 18
38 186 32
27 58 15
47 163 32
25 126 16
63 122 12
80 167 10
103 160 25
99 193 25
150 151 43
87 150 45
44 54 34
145 174 13
146 161 47
95 155 12
22 68 27
92 185 13
66 91 40
10 140 3
62 76 45
48 146 44
187 193 12
138 176 29
52 160 20
93 162 38
48 118 43
136 155 38
37 109 25
13 28 18
11 195 46
11 49 2
162 184 50
66 79 24
112 164 37
61 78 15
16 173 32
63 129 46
27 173 28
52 91 3
1 44 49
181 194 23
60 163 9
47 102 38
71 73 11
20 66 33
140 197 15
77 191 44
103 188 34
86 100 44
41 79 1
14 36 36
49 93 41
73 160 30
13 98 50
122 146 26
82 123 6
58 61 5
54 116 18
120 141 40
53 65 35
131 158 19
62 151 42
31 112 21
73 138 7
2 194 31
34 90 49
32 172 19
85 86 27
40 113 36
127 153 11
74 88 45
117 189 26
37 171 28
43 124 46
50 76 46
60 112 7
125 131 32
101 187 16
13 67 40
2 23 5
3 6 2
118 197 39
29 31 37
92 196 30
29 100 38
5 92 25
36 62 30
122 141 6
16 114 14
11 190 27
159 189 46
26 114 34
92 182 2
149 191 26
130 143 17
41 141 44
2 185 4
89 185 30
87 93 22
9 141 26
111 126 30
54 59 9
61 150 45
116 154 44
17 135 3
18 34 47
52 126 26
118 200 23
5 69 30
48 162 6
89 110 27
24 162 29
98 127 16
59 141 5
34 47 4
33 94 14
36 105 12
85 165 35
31 69 28
2 18 26
5 184 37
76 183 13
96 126 28
70 86 6
28 101 14
47 173 40
7 197 5
101 142 43
78 161 14
66 191 18
131 138 41
47 77 26
145 154 35
55 177 16
96 142 24
87 108 3
24 122 38
83 181 42
179 185 5
89 127 16
51 105 21
70 131 14
28 144 47
145 164 11
118 131 28
42 90 19
81 177 24
60 90 15
75 103 43
102 192 6
124 130 29
86 120 8
97 200 17
84 184 32
4 26 29
137 200 14
52 92 17
79 176 5
45 122 41
8 157 32
8 39 27
83 146 12
64 185 16
69 92 5
13 176 10
131 173 21
3 112 36
53 57 40
50 155 14
52 172 13
33 188 22
7 55 47
17 154 33
42 68 41
77 164 38
24 48 9
10 89 27
132 191 30
21 130 13
4 12 49
18 176 37
56 106 15
55 65 49
160 187 23
171 179 20
137 179 8
135 188 35
147 171 16
69 185 38
46 152 31
33 159 42
52 105 49
12 90 11
78 118 47
33 178 28
43 55 35
6 200 8
13 181 34
54 180 36
30 124 44
38 84 41
55 60 16
66 164 6
47 91 33
77 157 36
71 149 27
126 164 37
140 161 15
14 150 20
102 153 38
45 96 17
2 139 44
69 139 44
73 86 2
35 86 19
50 53 41
113 150 7
101 158 32
84 183 6
163 168 21
154 188 37
11 109 4
25 186 46
134 200 44
27 110 6
53 76 6
88 146 48
11 40 33
7 135 24
38 47 17
128 192 30
134 150 8
61 89 45
9 188 11
88 89 1
25 84 41
17 98 15
39 160 31
55 102 45
41 98 37
23 136 25
40 141 14
79 116 12
27 141 23
114 130 6
127 186 31
114 164 10
126 188 36
107 123 50
4 164 40
10 113 34
12 145 1
40 143 33
163 184 37
107 134 26
83 198 12
61 102 23
77 193 44
86 142 11
53 120 39
126 172 18
107 124 47
79 84 11
124 126 5
101 159 29
148 182 13
1 43 26
31 43 47
137 168 22
10 131 17
16 137 1
96 134 20
7 78 13
58 110 35
81 171 17
109 145 47
32 63 17
184 198 40
100 197 50
33 140 15
1 107 25
105 199 49
78 143 26
132 159 34
77 119 30
18 102 17
67 71 42
170 195 22
39 126 31
59 84 8
171 183 37
70 182 47
43 174 50
66 123 37
115 193 12
57 186 33
1 197 20
21 152 41
9 111 46
24 39 46
24 26 39
74 190 7
106 193 43
14 33 45
16 147 45
124 151 32
70 85 30
30 149 30
38 59 1
32 136 11
66 112 35
68 133 32
27 176 41
87 183 35
114 143 21
55 123 12
101 185 31
76 148 39
79 160 7
60 165 9
26 47 32
27 96 10
103 146 14
24 173 15
21 121 31
26 96 29
3 182 30
31 194 14
40 167 17
100 128 16
117 169 43
141 170 45
138 189 44
9 22 9
95 128 20
51 151 41
55 68 30
10 28 40
28 145 7
59 94 8
117 142 10
23 150 39
37 81 4
123 199 47
64 115 12
72 97 45
26 33 29
12 69 11
153 166 50
52 85 30
119 187 34
112 179 27
41 89 15
77 158 23
63 158 50
166 187 45
160 186 12
76 77 25
23 65 34
7 132 10
44 154 38
58 170 18
84 153 1
6 154 7
129 197 45
3 15 28
88 187 4
155 161 50
137 181 2
10 116 3
12 156 48
60 153 17
95 161 6
130 173 32
76 131 4
51 67 8
21 112 4
3 91 50
32 100 18
124 176 3
70 138 22
17 130 22
85 175 17
43 154 49
114 167 24
49 147 21
113 164 48
40 88 46
76 168 23
71 77 41
18 119 11
5 67 44
22 159 6
28 118 49
26 43 21
92 117 21
92 188 1
81 116 21
30 143 27
132 176 29
17 164 18
4 156 20
44 105 8
96 174 38
3 43 24
22 67 28
47 79 19
33 175 29
32 121 3
152 166 10
110 133 33
72 128 49
7 131 49
69 178 48
40 98 28
66 78 1
67 159 43
118 194 17
93 184 23
7 65 7
98 104 26
110 164 48
32 103 2
162 167 6
54 78 46
147 170 41
38 75 31
84 87 27
144 168 17
19 115 24
165 168 43
28 162 38
62 125 19
24 132 44
174 188 13
128 199 11
22 69 39
81 104 36
46 183 12
12 40 38
109 110 44
4 180 11
9 106 29
12 190 5
25 197 43
31 190 22
189 199 30
156 178 39
47 56 24
28 160 44
55 69 28
24 30 20
72 133 12
34 146 5
109 159 45
40 170 49
54 164 11
5 23 39
78 140 40
121 145 21
90 140 36
136 177 49
167 193 19
49 109 15
185 194 36
8 139 22
47 178 47
14 101 22
9 122 50
86 199 5
134 199 34
13 27 20
10 187 45
160 173 13
59 126 18
69 142 41
3 32 7
147 157 17
53 172 16
18 32 50
49 78 4
130 148 17
43 159 12
21 86 32
28 192 45
35 54 13
28 78 3
49 162 3
156 198 6
163 196 29
4 151 32
8 150 22
55 80 34
97 114 47
18 70 2
12 31 40
103 107 6
14 18 19
37 65 1
44 173 13
90 193 10
35 172 46
39 45 14
118 167 33
40 122 18
101 169 17
80 174 12
2 148 20
136 182 4
84 126 49
71 187 23
112 190 31
3 116 33
8 62 29
135 187 9
48 149 27
123 132 50
20 23 31
10 170 9
6 43 3
50 66 19
39 169 12
44 67 10
4 124 4
96 101 1
24 117 4
108 196 40
89 156 37
71 130 36
109 149 4
22 175 5
169 179 31
97 100 21
30 106 35
20 59 23
17 88 48
174 186 15
103 177 35
53 187 41
59 133 4
24 54 25
174 181 14
63 166 19
149 190 18
102 195 32
126 189 35
137 173 9
14 97 33
33 59 9
68 98 17
